{
    "num_employees": 16,
    "org_seed": {
        "power_distance": 0.053821018802222675,
        "sanction_salience": 0.22035987277261138,
        "in_group_bias": 0.1843718106986697,
        "industry": "tech",
        "size": "large"
    },
    "rec_seed": {
        "theta_ideal": 0.44765529815712257,
        "urgency": 0.12405680609965541,
        "resource_need": 0.7548499814761097,
        "domain": "budget"
    },
    "situation_seed": {
        "theta_current": 0.09159673646522415,
        "sanction_strength": 0.6318460965633647,
        "provocation_flag": 0,
        "visibility": "private"
    },
    "employees": [
        {
            "employee_id": 0,
            "level": "C-Suite",
            "department": "Sales",
            "tenure": 9,
            "manager_id": -1
        },
        {
            "employee_id": 1,
            "level": "Director",
            "department": "Sales",
            "tenure": 8,
            "manager_id": 0
        },
        {
            "employee_id": 2,
            "level": "Director",
            "department": "Marketing",
            "tenure": 3,
            "manager_id": 0
        },
        {
            "employee_id": 3,
            "level": "Director",
            "department": "Sales",
            "tenure": 1,
            "manager_id": 0
        },
        {
            "employee_id": 4,
            "level": "Manager",
            "department": "Marketing",
            "tenure": 6,
            "manager_id": 1
        },
        {
            "employee_id": 5,
            "level": "Manager",
            "department": "HR",
            "tenure": 1,
            "manager_id": 3
        },
        {
            "employee_id": 6,
            "level": "Manager",
            "department": "Marketing",
            "tenure": 4,
            "manager_id": 1
        },
        {
            "employee_id": 7,
            "level": "Manager",
            "department": "Sales",
            "tenure": 9,
            "manager_id": 1
        },
        {
            "employee_id": 8,
            "level": "Manager",
            "department": "Engineering",
            "tenure": 7,
            "manager_id": 2
        },
        {
            "employee_id": 9,
            "level": "Manager",
            "department": "Engineering",
            "tenure": 7,
            "manager_id": 1
        },
        {
            "employee_id": 10,
            "level": "Manager",
            "department": "Engineering",
            "tenure": 2,
            "manager_id": 3
        },
        {
            "employee_id": 11,
            "level": "Manager",
            "department": "Engineering",
            "tenure": 9,
            "manager_id": 2
        },
        {
            "employee_id": 12,
            "level": "Manager",
            "department": "Engineering",
            "tenure": 6,
            "manager_id": 2
        },
        {
            "employee_id": 13,
            "level": "Manager",
            "department": "Sales",
            "tenure": 1,
            "manager_id": 3
        },
        {
            "employee_id": 14,
            "level": "Manager",
            "department": "Sales",
            "tenure": 3,
            "manager_id": 2
        },
        {
            "employee_id": 15,
            "level": "Manager",
            "department": "Marketing",
            "tenure": 5,
            "manager_id": 3
        }
    ],
    "graphs": {
        "reports_to": [
            [
                0,
                1,
                1,
                1,
                0,
                0,
                0,
                0,
                0,
                0,
                0,
                0,
                0,
                0,
                0,
                0
            ],
            [
                0,
                0,
                0,
                0,
                1,
                0,
                1,
                1,
                0,
                1,
                0,
                0,
                0,
                0,
                0,
                0
            ],
            [
                0,
                0,
                0,
                0,
                0,
                0,
                0,
                0,
                1,
                0,
                0,
                1,
                1,
                0,
                1,
                0
            ],
            [
                0,
                0,
                0,
                0,
                0,
                1,
                0,
                0,
                0,
                0,
                1,
                0,
                0,
                1,
                0,
                1
            ],
            [
                0,
                0,
                0,
                0,
                0,
                0,
                0,
                0,
                0,
                0,
                0,
                0,
                0,
                0,
                0,
                0
            ],
            [
                0,
                0,
                0,
                0,
                0,
                0,
                0,
                0,
                0,
                0,
                0,
                0,
                0,
                0,
                0,
                0
            ],
            [
                0,
                0,
                0,
                0,
                0,
                0,
                0,
                0,
                0,
                0,
                0,
                0,
                0,
                0,
                0,
                0
            ],
            [
                0,
                0,
                0,
                0,
                0,
                0,
                0,
                0,
                0,
                0,
                0,
                0,
                0,
                0,
                0,
                0
            ],
            [
                0,
                0,
                0,
                0,
                0,
                0,
                0,
                0,
                0,
                0,
                0,
                0,
                0,
                0,
                0,
                0
            ],
            [
                0,
                0,
                0,
                0,
                0,
                0,
                0,
                0,
                0,
                0,
                0,
                0,
                0,
                0,
                0,
                0
            ],
            [
                0,
                0,
                0,
                0,
                0,
                0,
                0,
                0,
                0,
                0,
                0,
                0,
                0,
                0,
                0,
                0
            ],
            [
                0,
                0,
                0,
                0,
                0,
                0,
                0,
                0,
                0,
                0,
                0,
                0,
                0,
                0,
                0,
                0
            ],
            [
                0,
                0,
                0,
                0,
                0,
                0,
                0,
                0,
                0,
                0,
                0,
                0,
                0,
                0,
                0,
                0
            ],
            [
                0,
                0,
                0,
                0,
                0,
                0,
                0,
                0,
                0,
                0,
                0,
                0,
                0,
                0,
                0,
                0
            ],
            [
                0,
                0,
                0,
                0,
                0,
                0,
                0,
                0,
                0,
                0,
                0,
                0,
                0,
                0,
                0,
                0
            ],
            [
                0,
                0,
                0,
                0,
                0,
                0,
                0,
                0,
                0,
                0,
                0,
                0,
                0,
                0,
                0,
                0
            ]
        ],
        "collaboration": [
            [
                0.0,
                0.710781371404631,
                0.7721201627803084,
                0.8510090446712513,
                0.0037983233333701684,
                0.03477484299870363,
                0.0029941735787188395,
                0.25571143575529637,
                0.03315153942180549,
                0.04436802510450898,
                0.01384045102850131,
                0.004819868472836619,
                0.022001321926500995,
                0.2586171173813625,
                0.27066153017200634,
                0.08008417539082374
            ],
            [
                0.710781371404631,
                0.0,
                0.6914743549930485,
                0.6108752633416282,
                0.7648632728693281,
                0.08594212170281984,
                0.7685487110346316,
                0.7709885119181924,
                0.056511036261609526,
                0.8072204889515865,
                0.0004966606982558131,
                0.0847535149122861,
                0.03880331013317996,
                0.3728207121989066,
                0.241506359807127,
                0.03559413659024265
            ],
            [
                0.7721201627803084,
                0.6914743549930485,
                0.0,
                0.6448752125156039,
                0.2673268926790729,
                0.006086140851246436,
                0.233179245704504,
                0.07837918888745758,
                0.8631567364845494,
                0.0931533728029232,
                0.04514284506734254,
                0.8578797428417654,
                0.7641286014818444,
                0.001917820596628972,
                0.8683825852636025,
                0.39763667488658433
            ],
            [
                0.8510090446712513,
                0.6108752633416282,
                0.6448752125156039,
                0.0,
                0.06882791187529758,
                0.8900852722465772,
                0.02081800208290248,
                0.3910502257634154,
                0.07762359694115811,
                0.014149543215009597,
                0.8219485601859846,
                0.026842173737433306,
                0.019051346844663055,
                0.8702337780247975,
                0.35617078161549004,
                0.8404134166845187
            ],
            [
                0.0037983233333701684,
                0.7648632728693281,
                0.2673268926790729,
                0.06882791187529758,
                0.0,
                0.037722030718335436,
                0.6229487780764623,
                0.6427050778215773,
                0.008408273256269194,
                0.6786009958421566,
                0.09713709000359476,
                0.011102139164552938,
                0.022749237899401833,
                0.019471631962271432,
                0.024078506470459383,
                0.20528492026780998
            ],
            [
                0.03477484299870363,
                0.08594212170281984,
                0.006086140851246436,
                0.8900852722465772,
                0.037722030718335436,
                0.0,
                0.08078735500877411,
                0.047005647115823945,
                0.06596345437279302,
                0.05608923023497164,
                0.640064469694592,
                0.030647482162720507,
                0.04243175554435143,
                0.6381768761153621,
                0.004693273828165912,
                0.6530380344096124
            ],
            [
                0.0029941735787188395,
                0.7685487110346316,
                0.233179245704504,
                0.02081800208290248,
                0.6229487780764623,
                0.08078735500877411,
                0.0,
                0.7278890490344004,
                0.04985048125013918,
                0.6847323717489561,
                0.05595464182566578,
                0.097974997429354,
                0.013727146341788721,
                0.07930241599894372,
                0.05476183497292897,
                0.32543861962972986
            ],
            [
                0.25571143575529637,
                0.7709885119181924,
                0.07837918888745758,
                0.3910502257634154,
                0.6427050778215773,
                0.047005647115823945,
                0.7278890490344004,
                0.0,
                0.018514312095656606,
                0.7503455665561682,
                0.07978221421235812,
                0.05780713298440332,
                0.07458611055922618,
                0.39849898883382606,
                0.31875379760384814,
                0.07590517647269679
            ],
            [
                0.03315153942180549,
                0.056511036261609526,
                0.8631567364845494,
                0.07762359694115811,
                0.008408273256269194,
                0.06596345437279302,
                0.04985048125013918,
                0.018514312095656606,
                0.0,
                0.25327861415038416,
                0.27797159926112075,
                0.7579811134027215,
                0.7258570001166561,
                0.004377130638861615,
                0.7081015643942179,
                0.06842063699972636
            ],
            [
                0.04436802510450898,
                0.8072204889515865,
                0.0931533728029232,
                0.014149543215009597,
                0.6786009958421566,
                0.05608923023497164,
                0.6847323717489561,
                0.7503455665561682,
                0.25327861415038416,
                0.0,
                0.31540683525627733,
                0.24250791576881403,
                0.38605275138763084,
                0.03991274049238563,
                0.002124504279357875,
                0.037116998311852216
            ],
            [
                0.01384045102850131,
                0.0004966606982558131,
                0.04514284506734254,
                0.8219485601859846,
                0.09713709000359476,
                0.640064469694592,
                0.05595464182566578,
                0.07978221421235812,
                0.27797159926112075,
                0.31540683525627733,
                0.0,
                0.2925788486843494,
                0.33276357837193493,
                0.6010138038621126,
                0.031556840712880285,
                0.6997901488963543
            ],
            [
                0.004819868472836619,
                0.0847535149122861,
                0.8578797428417654,
                0.026842173737433306,
                0.011102139164552938,
                0.030647482162720507,
                0.097974997429354,
                0.05780713298440332,
                0.7579811134027215,
                0.24250791576881403,
                0.2925788486843494,
                0.0,
                0.6522760691059518,
                0.03702849380282552,
                0.695790163027989,
                0.04534067265038331
            ],
            [
                0.022001321926500995,
                0.03880331013317996,
                0.7641286014818444,
                0.019051346844663055,
                0.022749237899401833,
                0.04243175554435143,
                0.013727146341788721,
                0.07458611055922618,
                0.7258570001166561,
                0.38605275138763084,
                0.33276357837193493,
                0.6522760691059518,
                0.0,
                0.09160999081480385,
                0.6131349969935087,
                0.06976638048495502
            ],
            [
                0.2586171173813625,
                0.3728207121989066,
                0.001917820596628972,
                0.8702337780247975,
                0.019471631962271432,
                0.6381768761153621,
                0.07930241599894372,
                0.39849898883382606,
                0.004377130638861615,
                0.03991274049238563,
                0.6010138038621126,
                0.03702849380282552,
                0.09160999081480385,
                0.0,
                0.3503492142377393,
                0.7929869449819015
            ],
            [
                0.27066153017200634,
                0.241506359807127,
                0.8683825852636025,
                0.35617078161549004,
                0.024078506470459383,
                0.004693273828165912,
                0.05476183497292897,
                0.31875379760384814,
                0.7081015643942179,
                0.002124504279357875,
                0.031556840712880285,
                0.695790163027989,
                0.6131349969935087,
                0.3503492142377393,
                0.0,
                0.015601539202941772
            ],
            [
                0.08008417539082374,
                0.03559413659024265,
                0.39763667488658433,
                0.8404134166845187,
                0.20528492026780998,
                0.6530380344096124,
                0.32543861962972986,
                0.07590517647269679,
                0.06842063699972636,
                0.037116998311852216,
                0.6997901488963543,
                0.04534067265038331,
                0.06976638048495502,
                0.7929869449819015,
                0.015601539202941772,
                0.0
            ]
        ],
        "friendship": [
            [
                0,
                1,
                1,
                1,
                0,
                0,
                0,
                0,
                0,
                0,
                0,
                0,
                0,
                0,
                0,
                0
            ],
            [
                1,
                0,
                1,
                1,
                1,
                0,
                1,
                1,
                0,
                1,
                0,
                0,
                0,
                0,
                0,
                0
            ],
            [
                1,
                1,
                0,
                1,
                0,
                0,
                0,
                0,
                1,
                0,
                0,
                1,
                1,
                0,
                1,
                0
            ],
            [
                1,
                1,
                1,
                0,
                0,
                1,
                0,
                0,
                0,
                0,
                1,
                0,
                0,
                1,
                0,
                1
            ],
            [
                0,
                1,
                0,
                0,
                0,
                0,
                1,
                1,
                0,
                1,
                0,
                0,
                0,
                0,
                0,
                0
            ],
            [
                0,
                0,
                0,
                1,
                0,
                0,
                0,
                0,
                0,
                0,
                1,
                0,
                0,
                1,
                0,
                1
            ],
            [
                0,
                1,
                0,
                0,
                1,
                0,
                0,
                1,
                0,
                1,
                0,
                0,
                0,
                0,
                0,
                1
            ],
            [
                0,
                1,
                0,
                0,
                1,
                0,
                1,
                0,
                0,
                1,
                0,
                0,
                0,
                0,
                0,
                0
            ],
            [
                0,
                0,
                1,
                0,
                0,
                0,
                0,
                0,
                0,
                0,
                0,
                1,
                1,
                0,
                1,
                0
            ],
            [
                0,
                1,
                0,
                0,
                1,
                0,
                1,
                1,
                0,
                0,
                0,
                0,
                1,
                0,
                0,
                0
            ],
            [
                0,
                0,
                0,
                1,
                0,
                1,
                0,
                0,
                0,
                0,
                0,
                0,
                0,
                1,
                0,
                1
            ],
            [
                0,
                0,
                1,
                0,
                0,
                0,
                0,
                0,
                1,
                0,
                0,
                0,
                1,
                0,
                1,
                0
            ],
            [
                0,
                0,
                1,
                0,
                0,
                0,
                0,
                0,
                1,
                1,
                0,
                1,
                0,
                0,
                1,
                0
            ],
            [
                0,
                0,
                0,
                1,
                0,
                1,
                0,
                0,
                0,
                0,
                1,
                0,
                0,
                0,
                1,
                1
            ],
            [
                0,
                0,
                1,
                0,
                0,
                0,
                0,
                0,
                1,
                0,
                0,
                1,
                1,
                1,
                0,
                0
            ],
            [
                0,
                0,
                0,
                1,
                0,
                1,
                1,
                0,
                0,
                0,
                1,
                0,
                0,
                1,
                0,
                0
            ]
        ],
        "influence": [
            [
                0.0,
                1.0,
                1.0,
                1.0,
                0.622127473128623,
                0.622127473128623,
                0.622127473128623,
                0.622127473128623,
                0.622127473128623,
                0.622127473128623,
                0.622127473128623,
                0.622127473128623,
                0.622127473128623,
                0.622127473128623,
                0.622127473128623,
                0.622127473128623
            ],
            [
                0.44184115480669844,
                0.0,
                0.44184115480669844,
                0.44184115480669844,
                0.9418411548066984,
                0.44184115480669844,
                0.9418411548066984,
                0.9418411548066984,
                0.44184115480669844,
                0.9418411548066984,
                0.44184115480669844,
                0.44184115480669844,
                0.44184115480669844,
                0.44184115480669844,
                0.44184115480669844,
                0.44184115480669844
            ],
            [
                0.44343131415981496,
                0.44343131415981496,
                0.0,
                0.44343131415981496,
                0.44343131415981496,
                0.44343131415981496,
                0.44343131415981496,
                0.44343131415981496,
                0.943431314159815,
                0.44343131415981496,
                0.44343131415981496,
                0.943431314159815,
                0.943431314159815,
                0.44343131415981496,
                0.943431314159815,
                0.44343131415981496
            ],
            [
                0.44319987771329905,
                0.44319987771329905,
                0.44319987771329905,
                0.0,
                0.44319987771329905,
                0.943199877713299,
                0.44319987771329905,
                0.44319987771329905,
                0.44319987771329905,
                0.44319987771329905,
                0.943199877713299,
                0.44319987771329905,
                0.44319987771329905,
                0.943199877713299,
                0.44319987771329905,
                0.943199877713299
            ],
            [
                0.22581131940714083,
                0.22581131940714083,
                0.22581131940714083,
                0.22581131940714083,
                0.0,
                0.22581131940714083,
                0.22581131940714083,
                0.22581131940714083,
                0.22581131940714083,
                0.22581131940714083,
                0.22581131940714083,
                0.22581131940714083,
                0.22581131940714083,
                0.22581131940714083,
                0.22581131940714083,
                0.22581131940714083
            ],
            [
                0.2253324913315135,
                0.2253324913315135,
                0.2253324913315135,
                0.2253324913315135,
                0.2253324913315135,
                0.0,
                0.2253324913315135,
                0.2253324913315135,
                0.2253324913315135,
                0.2253324913315135,
                0.2253324913315135,
                0.2253324913315135,
                0.2253324913315135,
                0.2253324913315135,
                0.2253324913315135,
                0.2253324913315135
            ],
            [
                0.2297653129787658,
                0.2297653129787658,
                0.2297653129787658,
                0.2297653129787658,
                0.2297653129787658,
                0.2297653129787658,
                0.0,
                0.2297653129787658,
                0.2297653129787658,
                0.2297653129787658,
                0.2297653129787658,
                0.2297653129787658,
                0.2297653129787658,
                0.2297653129787658,
                0.2297653129787658,
                0.2297653129787658
            ],
            [
                0.22937447744219175,
                0.22937447744219175,
                0.22937447744219175,
                0.22937447744219175,
                0.22937447744219175,
                0.22937447744219175,
                0.22937447744219175,
                0.0,
                0.22937447744219175,
                0.22937447744219175,
                0.22937447744219175,
                0.22937447744219175,
                0.22937447744219175,
                0.22937447744219175,
                0.22937447744219175,
                0.22937447744219175
            ],
            [
                0.22727450238683436,
                0.22727450238683436,
                0.22727450238683436,
                0.22727450238683436,
                0.22727450238683436,
                0.22727450238683436,
                0.22727450238683436,
                0.22727450238683436,
                0.0,
                0.22727450238683436,
                0.22727450238683436,
                0.22727450238683436,
                0.22727450238683436,
                0.22727450238683436,
                0.22727450238683436,
                0.22727450238683436
            ],
            [
                0.23155151931662774,
                0.23155151931662774,
                0.23155151931662774,
                0.23155151931662774,
                0.23155151931662774,
                0.23155151931662774,
                0.23155151931662774,
                0.23155151931662774,
                0.23155151931662774,
                0.0,
                0.23155151931662774,
                0.23155151931662774,
                0.23155151931662774,
                0.23155151931662774,
                0.23155151931662774,
                0.23155151931662774
            ],
            [
                0.22829151682342494,
                0.22829151682342494,
                0.22829151682342494,
                0.22829151682342494,
                0.22829151682342494,
                0.22829151682342494,
                0.22829151682342494,
                0.22829151682342494,
                0.22829151682342494,
                0.22829151682342494,
                0.0,
                0.22829151682342494,
                0.22829151682342494,
                0.22829151682342494,
                0.22829151682342494,
                0.22829151682342494
            ],
            [
                0.22705623326492264,
                0.22705623326492264,
                0.22705623326492264,
                0.22705623326492264,
                0.22705623326492264,
                0.22705623326492264,
                0.22705623326492264,
                0.22705623326492264,
                0.22705623326492264,
                0.22705623326492264,
                0.22705623326492264,
                0.0,
                0.22705623326492264,
                0.22705623326492264,
                0.22705623326492264,
                0.22705623326492264
            ],
            [
                0.22992855012646143,
                0.22992855012646143,
                0.22992855012646143,
                0.22992855012646143,
                0.22992855012646143,
                0.22992855012646143,
                0.22992855012646143,
                0.22992855012646143,
                0.22992855012646143,
                0.22992855012646143,
                0.22992855012646143,
                0.22992855012646143,
                0.0,
                0.22992855012646143,
                0.22992855012646143,
                0.22992855012646143
            ],
            [
                0.23187528784063766,
                0.23187528784063766,
                0.23187528784063766,
                0.23187528784063766,
                0.23187528784063766,
                0.23187528784063766,
                0.23187528784063766,
                0.23187528784063766,
                0.23187528784063766,
                0.23187528784063766,
                0.23187528784063766,
                0.23187528784063766,
                0.23187528784063766,
                0.0,
                0.23187528784063766,
                0.23187528784063766
            ],
            [
                0.2318561603645106,
                0.2318561603645106,
                0.2318561603645106,
                0.2318561603645106,
                0.2318561603645106,
                0.2318561603645106,
                0.2318561603645106,
                0.2318561603645106,
                0.2318561603645106,
                0.2318561603645106,
                0.2318561603645106,
                0.2318561603645106,
                0.2318561603645106,
                0.2318561603645106,
                0.0,
                0.2318561603645106
            ],
            [
                0.23128280890853348,
                0.23128280890853348,
                0.23128280890853348,
                0.23128280890853348,
                0.23128280890853348,
                0.23128280890853348,
                0.23128280890853348,
                0.23128280890853348,
                0.23128280890853348,
                0.23128280890853348,
                0.23128280890853348,
                0.23128280890853348,
                0.23128280890853348,
                0.23128280890853348,
                0.23128280890853348,
                0.0
            ]
        ],
        "conflict": [
            [
                0.0,
                3.950261693190732e-05,
                0.005380598647671462,
                0.0003224379708935471,
                0.23309107656764094,
                0.05451291531562049,
                0.2056469332521013,
                0.04888972370235644,
                0.2022602121649549,
                0.22454718645598962,
                0.22453573863213364,
                0.2571094866738023,
                0.2858375915953236,
                0.018122557629424104,
                0.016967391216539174,
                0.21287884013471028
            ],
            [
                3.950261693190732e-05,
                0.0,
                0.009501556462870236,
                0.006743003703331562,
                0.006510239474230074,
                0.06791057085171595,
                0.006741474176132395,
                0.0014886445144341293,
                0.25817126609682883,
                0.004520730880677645,
                0.263977926877558,
                0.1990630059019626,
                0.2504069400008176,
                0.04474830010007428,
                0.06183472052234819,
                0.1982412364100785
            ],
            [
                0.005380598647671462,
                0.009501556462870236,
                0.0,
                0.006749262935476144,
                0.0719574933400398,
                0.05462039449687463,
                0.074517607445092,
                0.025751192673879222,
                0.0006812511318255942,
                0.01076792682082831,
                0.038648066376959785,
                0.0003662775628603262,
                0.00021641918717372417,
                0.0409931329169449,
                0.00013705328859393807,
                0.026821010962736373
            ],
            [
                0.0003224379708935471,
                0.006743003703331562,
                0.006749262935476144,
                0.0,
                0.20045755504221668,
                0.0008689169718519057,
                0.2265762034281373,
                0.01319923624566348,
                0.2531463176165985,
                0.23502295376360316,
                0.003964402232389658,
                0.2660192025798591,
                0.24010475602196107,
                0.0007400701111707359,
                0.01103740785987211,
                0.0032220993376983354
            ],
            [
                0.23309107656764094,
                0.006510239474230074,
                0.0719574933400398,
                0.20045755504221668,
                0.0,
                0.15221962637010275,
                0.0044725884100984695,
                0.00623981373904284,
                0.13290683088416771,
                0.004544244724776005,
                0.17257276288147408,
                0.1538790336446139,
                0.13698109438401232,
                0.12514984536957247,
                0.1152093417333833,
                0.11012297634891655
            ],
            [
                0.05451291531562049,
                0.06791057085171595,
                0.05462039449687463,
                0.0008689169718519057,
                0.15221962637010275,
                0.0,
                0.1248190854236789,
                0.10004828716282076,
                0.15598943881497235,
                0.10318544170045248,
                0.0054498796227948,
                0.1476633618751075,
                0.13190712270318047,
                0.003970784823210431,
                0.12450345404322627,
                0.0054703530008973844
            ],
            [
                0.2056469332521013,
                0.006741474176132395,
                0.074517607445092,
                0.2265762034281373,
                0.0044725884100984695,
                0.1248190854236789,
                0.0,
                0.0052174669373904,
                0.1871624920605985,
                0.004353775871463154,
                0.1653234841679175,
                0.11666982658682302,
                0.14366088943889482,
                0.12553680989474875,
                0.17699241023977136,
                0.013059604840503804
            ],
            [
                0.04888972370235644,
                0.0014886445144341293,
                0.025751192673879222,
                0.01319923624566348,
                0.00623981373904284,
                0.10004828716282076,
                0.0052174669373904,
                0.0,
                0.3661073316374072,
                0.008415980062316971,
                0.3232693024344869,
                0.28849670893842133,
                0.3140815884081387,
                0.10590334120371145,
                0.10620486826784091,
                0.3223139995334194
            ],
            [
                0.2022602121649549,
                0.25817126609682883,
                0.0006812511318255942,
                0.2531463176165985,
                0.13290683088416771,
                0.15598943881497235,
                0.1871624920605985,
                0.3661073316374072,
                0.0,
                0.143283148895199,
                0.1281053809190472,
                0.0025115514129174857,
                0.004627249411849681,
                0.3856673254424065,
                0.011030931945355113,
                0.31791102157641316
            ],
            [
                0.22454718645598962,
                0.004520730880677645,
                0.01076792682082831,
                0.23502295376360316,
                0.004544244724776005,
                0.10318544170045248,
                0.004353775871463154,
                0.008415980062316971,
                0.143283148895199,
                0.0,
                0.11352523152138738,
                0.09790197023584897,
                0.011313072083118185,
                0.31812238866611436,
                0.3922359265028954,
                0.34225020436775955
            ],
            [
                0.22453573863213364,
                0.263977926877558,
                0.038648066376959785,
                0.003964402232389658,
                0.17257276288147408,
                0.0054498796227948,
                0.1653234841679175,
                0.3232693024344869,
                0.1281053809190472,
                0.11352523152138738,
                0.0,
                0.07670147686839314,
                0.12873819824051635,
                0.01326719679503425,
                0.3237221875245914,
