{
    "org_seed": {
        "power_distance": 0.053821018802222675,
        "sanction_salience": 0.22035987277261138,
        "in_group_bias": 0.1843718106986697,
        "industry": "tech",
        "size": "large"
    },
    "rec_seed": {
        "theta_ideal": 0.44765529815712257,
        "urgency": 0.12405680609965541,
        "resource_need": 0.7548499814761097,
        "domain": "budget"
    },
    "situation_seed": {
        "theta_current": 0.09159673646522415,
        "sanction_strength": 0.6318460965633647,
        "provocation_flag": 0,
        "visibility": "private"
    },
    "employees": [
        {
            "employee_id": 0,
            "level": "C-Suite",
            "department": "HR",
            "tenure": 8,
            "manager_id": -1
        },
        {
            "employee_id": 1,
            "level": "Director",
            "department": "Sales",
            "tenure": 1,
            "manager_id": 0
        },
        {
            "employee_id": 2,
            "level": "Director",
            "department": "Sales",
            "tenure": 6,
            "manager_id": 0
        },
        {
            "employee_id": 3,
            "level": "Director",
            "department": "Marketing",
            "tenure": 7,
            "manager_id": 0
        },
        {
            "employee_id": 4,
            "level": "Manager",
            "department": "HR",
            "tenure": 9,
            "manager_id": 1
        },
        {
            "employee_id": 5,
            "level": "Manager",
            "department": "Sales",
            "tenure": 6,
            "manager_id": 1
        },
        {
            "employee_id": 6,
            "level": "Manager",
            "department": "Marketing",
            "tenure": 6,
            "manager_id": 1
        },
        {
            "employee_id": 7,
            "level": "Manager",
            "department": "HR",
            "tenure": 9,
            "manager_id": 2
        },
        {
            "employee_id": 8,
            "level": "Manager",
            "department": "Sales",
            "tenure": 9,
            "manager_id": 2
        },
        {
            "employee_id": 9,
            "level": "Manager",
            "department": "Marketing",
            "tenure": 3,
            "manager_id": 3
        },
        {
            "employee_id": 10,
            "level": "Manager",
            "department": "Engineering",
            "tenure": 8,
            "manager_id": 2
        },
        {
            "employee_id": 11,
            "level": "Manager",
            "department": "Marketing",
            "tenure": 4,
            "manager_id": 2
        },
        {
            "employee_id": 12,
            "level": "Manager",
            "department": "Marketing",
            "tenure": 7,
            "manager_id": 3
        },
        {
            "employee_id": 13,
            "level": "Manager",
            "department": "Sales",
            "tenure": 10,
            "manager_id": 2
        },
        {
            "employee_id": 14,
            "level": "Manager",
            "department": "Marketing",
            "tenure": 2,
            "manager_id": 1
        },
        {
            "employee_id": 15,
            "level": "Manager",
            "department": "Engineering",
            "tenure": 5,
            "manager_id": 1
        }
    ],
    "graphs": {
        "reports_to": [
            [
                0,
                1,
                1,
                1,
                0,
                0,
                0,
                0,
                0,
                0,
                0,
                0,
                0,
                0,
                0,
                0
            ],
            [
                0,
                0,
                0,
                0,
                1,
                1,
                1,
                0,
                0,
                0,
                0,
                0,
                0,
                0,
                1,
                1
            ],
            [
                0,
                0,
                0,
                0,
                0,
                0,
                0,
                1,
                1,
                0,
                1,
                1,
                0,
                1,
                0,
                0
            ],
            [
                0,
                0,
                0,
                0,
                0,
                0,
                0,
                0,
                0,
                1,
                0,
                0,
                1,
                0,
                0,
                0
            ],
            [
                0,
                0,
                0,
                0,
                0,
                0,
                0,
                0,
                0,
                0,
                0,
                0,
                0,
                0,
                0,
                0
            ],
            [
                0,
                0,
                0,
                0,
                0,
                0,
                0,
                0,
                0,
                0,
                0,
                0,
                0,
                0,
                0,
                0
            ],
            [
                0,
                0,
                0,
                0,
                0,
                0,
                0,
                0,
                0,
                0,
                0,
                0,
                0,
                0,
                0,
                0
            ],
            [
                0,
                0,
                0,
                0,
                0,
                0,
                0,
                0,
                0,
                0,
                0,
                0,
                0,
                0,
                0,
                0
            ],
            [
                0,
                0,
                0,
                0,
                0,
                0,
                0,
                0,
                0,
                0,
                0,
                0,
                0,
                0,
                0,
                0
            ],
            [
                0,
                0,
                0,
                0,
                0,
                0,
                0,
                0,
                0,
                0,
                0,
                0,
                0,
                0,
                0,
                0
            ],
            [
                0,
                0,
                0,
                0,
                0,
                0,
                0,
                0,
                0,
                0,
                0,
                0,
                0,
                0,
                0,
                0
            ],
            [
                0,
                0,
                0,
                0,
                0,
                0,
                0,
                0,
                0,
                0,
                0,
                0,
                0,
                0,
                0,
                0
            ],
            [
                0,
                0,
                0,
                0,
                0,
                0,
                0,
                0,
                0,
                0,
                0,
                0,
                0,
                0,
                0,
                0
            ],
            [
                0,
                0,
                0,
                0,
                0,
                0,
                0,
                0,
                0,
                0,
                0,
                0,
                0,
                0,
                0,
                0
            ],
            [
                0,
                0,
                0,
                0,
                0,
                0,
                0,
                0,
                0,
                0,
                0,
                0,
                0,
                0,
                0,
                0
            ],
            [
                0,
                0,
                0,
                0,
                0,
                0,
                0,
                0,
                0,
                0,
                0,
                0,
                0,
                0,
                0,
                0
            ]
        ],
        "collaboration": [
            [
                0.0,
                0.7046556158779453,
                0.8480685111649306,
                0.7798775354381731,
                0.3017365805823716,
                0.008307589906164514,
                0.08522405254730618,
                0.32339718435757564,
                0.0338689020727301,
                0.0686311518209805,
                0.004772443159362649,
                0.0369827265435513,
                0.08167034599842199,
                0.0035906379085722476,
                0.07890587494653212,
                0.029435675253726357
            ],
            [
                0.7046556158779453,
                0.0,
                0.753865574845428,
                0.6308122866253096,
                0.8347519596692013,
                0.7866733720860668,
                0.7136093932595513,
                0.0011493572716490096,
                0.2049207078726159,
                0.07130493739658789,
                0.03026583027110127,
                0.03755154447301162,
                0.05380301914479592,
                0.3752127148893498,
                0.8990861075819028,
                0.8751984198348949
            ],
            [
                0.8480685111649306,
                0.753865574845428,
                0.0,
                0.6009051267556724,
                0.036451819719220506,
                0.23671652278884192,
                0.07605632149057547,
                0.7779140228157687,
                0.732470084687085,
                0.041287540303283125,
                0.8940321956499107,
                0.7295093722918415,
                0.061161774212094344,
                0.7853967375070862,
                0.009615177756034944,
                0.0738181667689303
            ],
            [
                0.7798775354381731,
                0.6308122866253096,
                0.6009051267556724,
                0.0,
                0.05292264784326193,
                0.08199809552554144,
                0.25105272707421,
                0.09104083096133814,
                0.06780673071448438,
                0.7336913303845242,
                0.044057840271418514,
                0.28348193754779416,
                0.7357891175273922,
                0.09818614798049964,
                0.24001485774572814,
                0.08151659880860712
            ],
            [
                0.3017365805823716,
                0.8347519596692013,
                0.036451819719220506,
                0.05292264784326193,
                0.0,
                0.6493680219648928,
                0.7786113108599304,
                0.22504487658798616,
                0.08294494138574322,
                0.07957461092214838,
                0.06831376495224128,
                0.05524912450040175,
                0.056337019135924184,
                0.07179315914452933,
                0.6081180930710871,
                0.6022031755965724
            ],
            [
                0.008307589906164514,
                0.7866733720860668,
                0.23671652278884192,
                0.08199809552554144,
                0.6493680219648928,
                0.0,
                0.703948859163187,
                0.07605730677646493,
                0.2897017558702474,
                0.04058817515166693,
                0.004633132507154647,
                0.04060574451490828,
                0.050662218538829795,
                0.27171796649011914,
                0.7461381782506689,
                0.6854233478070318
            ],
            [
                0.08522405254730618,
                0.7136093932595513,
                0.07605632149057547,
                0.25105272707421,
                0.7786113108599304,
                0.703948859163187,
                0.0,
                0.05310221467791848,
                0.023550944960461808,
                0.2759046583536697,
                0.09825688511541919,
                0.2835158398411493,
                0.30951635135563704,
                0.0745981479233685,
                0.7458349508150443,
                0.7052583567994114
            ],
            [
                0.32339718435757564,
                0.0011493572716490096,
                0.7779140228157687,
                0.09104083096133814,
                0.22504487658798616,
                0.07605730677646493,
                0.05310221467791848,
                0.0,
                0.751384442109626,
                0.005181172899033127,
                0.7083100012207302,
                0.66353370537436,
                0.02819047703922295,
                0.762037987542824,
                0.048319766227648754,
                0.02259703699500846
            ],
            [
                0.0338689020727301,
                0.2049207078726159,
                0.732470084687085,
                0.06780673071448438,
                0.08294494138574322,
                0.2897017558702474,
                0.023550944960461808,
                0.751384442109626,
                0.0,
                0.04627802087898324,
                0.7432321492041218,
                0.7276615699822697,
                0.054316714588719076,
                0.6216122919139068,
                0.09654118672095063,
                0.002060947279433989
            ],
            [
                0.0686311518209805,
                0.07130493739658789,
                0.041287540303283125,
                0.7336913303845242,
                0.07957461092214838,
                0.04058817515166693,
                0.2759046583536697,
                0.005181172899033127,
                0.04627802087898324,
                0.0,
                0.019064474558856515,
                0.22496691958881299,
                0.7272372858600571,
                0.014535716730534677,
                0.22726759658690843,
                0.009261723023891588
            ],
            [
                0.004772443159362649,
                0.03026583027110127,
                0.8940321956499107,
                0.044057840271418514,
                0.06831376495224128,
                0.004633132507154647,
                0.09825688511541919,
                0.7083100012207302,
                0.7432321492041218,
                0.019064474558856515,
                0.0,
                0.6923107487702365,
                0.03360332487060219,
                0.6349794475163403,
                0.022851719330145306,
                0.3663225607520382
            ],
            [
                0.0369827265435513,
                0.03755154447301162,
                0.7295093722918415,
                0.28348193754779416,
                0.05524912450040175,
                0.04060574451490828,
                0.2835158398411493,
                0.66353370537436,
                0.7276615699822697,
                0.22496691958881299,
                0.6923107487702365,
                0.0,
                0.30464995767888187,
                0.632643798153568,
                0.23058079133531545,
                0.047478484787610534
            ],
            [
                0.08167034599842199,
                0.05380301914479592,
                0.061161774212094344,
                0.7357891175273922,
                0.056337019135924184,
                0.050662218538829795,
                0.30951635135563704,
                0.02819047703922295,
                0.054316714588719076,
                0.7272372858600571,
                0.03360332487060219,
                0.30464995767888187,
                0.0,
                0.07110296825243635,
                0.34676981208842395,
                0.059777230654697824
            ],
            [
                0.0035906379085722476,
                0.3752127148893498,
                0.7853967375070862,
                0.09818614798049964,
                0.07179315914452933,
                0.27171796649011914,
                0.0745981479233685,
                0.762037987542824,
                0.6216122919139068,
                0.014535716730534677,
                0.6349794475163403,
                0.632643798153568,
                0.07110296825243635,
                0.0,
                0.0843343695613217,
                0.003861294188840103
            ],
            [
                0.07890587494653212,
                0.8990861075819028,
                0.009615177756034944,
                0.24001485774572814,
                0.6081180930710871,
                0.7461381782506689,
                0.7458349508150443,
                0.048319766227648754,
                0.09654118672095063,
                0.22726759658690843,
                0.022851719330145306,
                0.23058079133531545,
                0.34676981208842395,
                0.0843343695613217,
                0.0,
                0.7886283396135523
            ],
            [
                0.029435675253726357,
                0.8751984198348949,
                0.0738181667689303,
                0.08151659880860712,
                0.6022031755965724,
                0.6854233478070318,
                0.7052583567994114,
                0.02259703699500846,
                0.002060947279433989,
                0.009261723023891588,
                0.3663225607520382,
                0.047478484787610534,
                0.059777230654697824,
                0.003861294188840103,
                0.7886283396135523,
                0.0
            ]
        ],
        "friendship": [
            [
                0,
                1,
                1,
                1,
                0,
                0,
                0,
                0,
                0,
                0,
                0,
                0,
                0,
                0,
                0,
                0
            ],
            [
                1,
                0,
                1,
                1,
                1,
                1,
                1,
                0,
                0,
                0,
                0,
                0,
                0,
                0,
                1,
                1
            ],
            [
                1,
                1,
                0,
                1,
                0,
                0,
                0,
                1,
                1,
                0,
                1,
                1,
                0,
                1,
                0,
                0
            ],
            [
                1,
                1,
                1,
                0,
                0,
                0,
                0,
                0,
                0,
                1,
                0,
                0,
                1,
                0,
                0,
                0
            ],
            [
                0,
                1,
                0,
                0,
                0,
                1,
                1,
                0,
                0,
                0,
                0,
                0,
                0,
                0,
                1,
                1
            ],
            [
                0,
                1,
                0,
                0,
                1,
                0,
                1,
                0,
                0,
                0,
                0,
                0,
                0,
                0,
                1,
                1
            ],
            [
                0,
                1,
                0,
                0,
                1,
                1,
                0,
                0,
                0,
                0,
                0,
                0,
                0,
                0,
                1,
                1
            ],
            [
                0,
                0,
                1,
                0,
                0,
                0,
                0,
                0,
                1,
                0,
                1,
                1,
                0,
                1,
                0,
                0
            ],
            [
                0,
                0,
                1,
                0,
                0,
                0,
                0,
                1,
                0,
                0,
                1,
                1,
                0,
                1,
                0,
                0
            ],
            [
                0,
                0,
                0,
                1,
                0,
                0,
                0,
                0,
                0,
                0,
                0,
                0,
                1,
                0,
                0,
                0
            ],
            [
                0,
                0,
                1,
                0,
                0,
                0,
                0,
                1,
                1,
                0,
                0,
                1,
                0,
                1,
                0,
                1
            ],
            [
                0,
                0,
                1,
                0,
                0,
                0,
                0,
                1,
                1,
                0,
                1,
                0,
                0,
                1,
                0,
                0
            ],
            [
                0,
                0,
                0,
                1,
                0,
                0,
                0,
                0,
                0,
                1,
                0,
                0,
                0,
                0,
                0,
                0
            ],
            [
                0,
                0,
                1,
                0,
                0,
                0,
                0,
                1,
                1,
                0,
                1,
                1,
                0,
                0,
                0,
                0
            ],
            [
                0,
                1,
                0,
                0,
                1,
                1,
                1,
                0,
                0,
                0,
                0,
                0,
                0,
                0,
                0,
                1
            ],
            [
                0,
                1,
                0,
                0,
                1,
                1,
                1,
                0,
                0,
                0,
                1,
                0,
                0,
                0,
                1,
                0
            ]
        ],
        "influence": [
            [
                0.0,
                1.0,
                1.0,
                1.0,
                0.6221704341809273,
                0.6221704341809273,
                0.6221704341809273,
                0.6221704341809273,
                0.6221704341809273,
                0.6221704341809273,
                0.6221704341809273,
                0.6221704341809273,
                0.6221704341809273,
                0.6221704341809273,
                0.6221704341809273,
                0.6221704341809273
            ],
            [
                0.4459338418918,
                0.0,
                0.4459338418918,
                0.4459338418918,
                0.9459338418918,
                0.9459338418918,
                0.9459338418918,
                0.4459338418918,
                0.4459338418918,
                0.4459338418918,
                0.4459338418918,
                0.4459338418918,
                0.4459338418918,
                0.4459338418918,
                0.9459338418918,
                0.9459338418918
            ],
            [
                0.4450752140804714,
                0.4450752140804714,
                0.0,
                0.4450752140804714,
                0.4450752140804714,
                0.4450752140804714,
                0.4450752140804714,
                0.9450752140804715,
                0.9450752140804715,
                0.4450752140804714,
                0.9450752140804715,
                0.9450752140804715,
                0.4450752140804714,
                0.9450752140804715,
                0.4450752140804714,
                0.4450752140804714
            ],
            [
                0.43379267397771,
                0.43379267397771,
                0.43379267397771,
                0.0,
                0.43379267397771,
                0.43379267397771,
                0.43379267397771,
                0.43379267397771,
                0.43379267397771,
                0.93379267397771,
                0.43379267397771,
                0.43379267397771,
                0.93379267397771,
                0.43379267397771,
                0.43379267397771,
                0.43379267397771
            ],
            [
                0.2303925165438486,
                0.2303925165438486,
                0.2303925165438486,
                0.2303925165438486,
                0.0,
                0.2303925165438486,
                0.2303925165438486,
                0.2303925165438486,
                0.2303925165438486,
                0.2303925165438486,
                0.2303925165438486,
                0.2303925165438486,
                0.2303925165438486,
                0.2303925165438486,
                0.2303925165438486,
                0.2303925165438486
            ],
            [
                0.230763280574111,
                0.230763280574111,
                0.230763280574111,
                0.230763280574111,
                0.230763280574111,
                0.0,
                0.230763280574111,
                0.230763280574111,
                0.230763280574111,
                0.230763280574111,
                0.230763280574111,
                0.230763280574111,
                0.230763280574111,
                0.230763280574111,
                0.230763280574111,
                0.230763280574111
            ],
            [
                0.23254496876485298,
                0.23254496876485298,
                0.23254496876485298,
                0.23254496876485298,
                0.23254496876485298,
                0.23254496876485298,
                0.0,
                0.23254496876485298,
                0.23254496876485298,
                0.23254496876485298,
                0.23254496876485298,
                0.23254496876485298,
                0.23254496876485298,
                0.23254496876485298,
                0.23254496876485298,
                0.23254496876485298
            ],
            [
                0.23045061780233056,
                0.23045061780233056,
                0.23045061780233056,
                0.23045061780233056,
                0.23045061780233056,
                0.23045061780233056,
                0.23045061780233056,
                0.0,
                0.23045061780233056,
                0.23045061780233056,
                0.23045061780233056,
                0.23045061780233056,
                0.23045061780233056,
                0.23045061780233056,
                0.23045061780233056,
                0.23045061780233056
            ],
            [
                0.23024898891931372,
                0.23024898891931372,
                0.23024898891931372,
                0.23024898891931372,
                0.23024898891931372,
                0.23024898891931372,
                0.23024898891931372,
                0.23024898891931372,
                0.0,
                0.23024898891931372,
                0.23024898891931372,
                0.23024898891931372,
                0.23024898891931372,
                0.23024898891931372,
                0.23024898891931372,
                0.23024898891931372
            ],
            [
                0.21871015055207396,
                0.21871015055207396,
                0.21871015055207396,
                0.21871015055207396,
                0.21871015055207396,
                0.21871015055207396,
                0.21871015055207396,
                0.21871015055207396,
                0.21871015055207396,
                0.0,
                0.21871015055207396,
                0.21871015055207396,
                0.21871015055207396,
                0.21871015055207396,
                0.21871015055207396,
                0.21871015055207396
            ],
            [
                0.23262696516379056,
                0.23262696516379056,
                0.23262696516379056,
                0.23262696516379056,
                0.23262696516379056,
                0.23262696516379056,
                0.23262696516379056,
                0.23262696516379056,
                0.23262696516379056,
                0.23262696516379056,
                0.0,
                0.23262696516379056,
                0.23262696516379056,
                0.23262696516379056,
                0.23262696516379056,
                0.23262696516379056
            ],
            [
                0.23200018423412777,
                0.23200018423412777,
                0.23200018423412777,
                0.23200018423412777,
                0.23200018423412777,
                0.23200018423412777,
                0.23200018423412777,
                0.23200018423412777,
                0.23200018423412777,
                0.23200018423412777,
                0.23200018423412777,
                0.0,
                0.23200018423412777,
                0.23200018423412777,
                0.23200018423412777,
                0.23200018423412777
            ],
            [
                0.21989068883250637,
                0.21989068883250637,
                0.21989068883250637,
                0.21989068883250637,
                0.21989068883250637,
                0.21989068883250637,
                0.21989068883250637,
                0.21989068883250637,
                0.21989068883250637,
                0.21989068883250637,
                0.21989068883250637,
                0.21989068883250637,
                0.0,
                0.21989068883250637,
                0.21989068883250637,
                0.21989068883250637
            ],
            [
                0.2302961564989708,
                0.2302961564989708,
                0.2302961564989708,
                0.2302961564989708,
                0.2302961564989708,
                0.2302961564989708,
                0.2302961564989708,
                0.2302961564989708,
                0.2302961564989708,
                0.2302961564989708,
                0.2302961564989708,
                0.2302961564989708,
                0.2302961564989708,
                0.0,
                0.2302961564989708,
                0.2302961564989708
            ],
            [
                0.23250457220345372,
                0.23250457220345372,
                0.23250457220345372,
                0.23250457220345372,
                0.23250457220345372,
                0.23250457220345372,
                0.23250457220345372,
                0.23250457220345372,
                0.23250457220345372,
                0.23250457220345372,
                0.23250457220345372,
                0.23250457220345372,
                0.23250457220345372,
                0.23250457220345372,
                0.0,
                0.23250457220345372
            ],
            [
                0.23259874577971137,
                0.23259874577971137,
                0.23259874577971137,
                0.23259874577971137,
                0.23259874577971137,
                0.23259874577971137,
                0.23259874577971137,
                0.23259874577971137,
                0.23259874577971137,
                0.23259874577971137,
                0.23259874577971137,
                0.23259874577971137,
                0.23259874577971137,
                0.23259874577971137,
                0.23259874577971137,
                0.0
            ]
        ],
        "conflict": [
            [
                0.0,
                0.00042178658288539474,
                0.0007155235108861305,
                0.002151036277314018,
                0.023970673992250873,
                0.05089703384056366,
                0.08211711094218276,
                0.04030806065296649,
                0.05479584939513035,
                0.07681953281509085,
                0.08229125635002835,
                0.05507917955129369,
                0.031027246361772405,
                0.00975814029349346,
                0.0371194798969514,
                0.05827234074354353
            ],
            [
                0.00042178658288539474,
                0.0,
                0.0038056093591038146,
                0.012071995009990143,
                0.0006692051147078303,
                0.001781652154598581,
                0.0072607771440279505,
                0.02495029856783606,
                0.07819940192796038,
                0.2198080971590548,
                0.22281022840812936,
                0.21018681205618767,
                0.2671593026736957,
                0.021221460779969573,
                0.0022779318919088037,
                0.0030470764276884217
            ],
            [
                0.0007155235108861305,
                0.0038056093591038146,
                0.0,
                0.012986187359497407,
                0.07226077442360763,
                0.047953197223941736,
                0.25645048457281827,
                0.0006682861367793585,
                0.0018476359797865059,
                0.23622487060113767,
                0.0022502384898936425,
                0.00550909837268246,
                0.26135565924645165,
                0.0016079394881221062,
                0.21601768368509794,
                0.18595678532256363
            ],
            [
                0.002151036277314018,
                0.012071995009990143,
                0.012986187359497407,
                0.0,
                0.050029361790496066,
                0.04453208871151233,
                0.0649477769534702,
                0.01835022329721272,
                0.06606587948179445,
                0.0017208035824891285,
                0.0080170967075975,
                0.014376954845749298,
                0.0016911286700062313,
                0.0665765493477143,
                0.023150499072784048,
                0.07090061282670554
            ],
            [
                0.023970673992250873,
                0.0006692051147078303,
                0.07226077442360763,
                0.050029361790496066,
                0.0,
                0.005079993863168774,
                0.0028114337760256933,
                0.09603512192204731,
                0.15753730674179361,
                0.13259127902271234,
                0.11090399034676388,
                0.12910293168434414,
                0.13068014655805665,
                0.15248908388495516,
                0.007708784555673535,
                0.006729647399298659
            ],
            [
                0.05089703384056366,
                0.001781652154598581,
                0.047953197223941736,
                0.04453208871151233,
                0.005079993863168774,
                0.0,
                0.010673244920769593,
                0.154787297423074,
                0.08488050053162743,
                0.33074303695976215,
                0.3688861993553131,
                0.31136565233066044,
                0.3284278672202173,
                0.12043455045278587,
                0.010141158683045715,
                0.009641356871075424
            ],
            [
                0.08211711094218276,
                0.0072607771440279505,
                0.25645048457281827,
                0.0649477769534702,
                0.0028114337760256933,
                0.010673244920769593,
                0.0,
                0.10614716637002569,
                0.147156990539805,
                0.10706313658921622,
                0.15052231436625127,
                0.09858724656586698,
                0.13234087475955403,
                0.1351277973485698,
                0.00322150907860576,
                0.003920015227504944
            ],
            [
                0.04030806065296649,
                0.02495029856783606,
                0.0006682861367793585,
                0.01835022329721272,
                0.09603512192204731,
                0.154787297423074,
                0.10614716637002569,
                0.0,
                0.004264136770333418,
                0.16875959426055712,
                0.0035921994737889013,
                0.00460604072406778,
                0.16643001926254963,
                0.0037807474237470467,
                0.14612921472013193,
                0.10814771505725383
            ],
            [
                0.05479584939513035,
                0.07819940192796038,
                0.0018476359797865059,
                0.06606587948179445,
                0.15753730674179361,
                0.08488050053162743,
                0.147156990539805,
                0.004264136770333418,
                0.0,
                0.3129492772249045,
                0.007957220042691435,
                0.010415719709047663,
                0.3618929341020894,
                0.00734347938182227,
                0.2759915837614123,
                0.3982571686917635
            ],
            [
                0.07681953281509085,
                0.2198080971590548,
                0.23622487060113767,
                0.0017208035824891285,
                0.13259127902271234,
                0.33074303695976215,
                0.10706313658921622,
                0.16875959426055712,
                0.3129492772249045,
                0.0,
                0.128267630146494,
                0.09746660901303084,
                0.0029220215554924267,
                0.18180629913774124,
                0.08949906950764847,
                0.1352378067937285
            ],
            [
                0.08229125635002835,
                0.22281022840812936,
                0.0022502384898936425,
                0.0080170967075975,
                0.11090399034676388,
                0.3688861993553131,
                0.15052231436625127,
                0.0035921994737889013,
                0.007957220042691435,
                0.128267630146494,
                0.0,
                0.01037117519589305,
                0.3085142514346042,
                0.011185628858468882,
                0.3311757459595737,
                0.010424309568922792
            ],
            [
                0.05507917955129369,
                0.21018681205618767,
