{
    "num_employees": 23,
    "org_seed": {
        "power_distance": 0.053821018802222675,
        "sanction_salience": 0.22035987277261138,
        "in_group_bias": 0.1843718106986697,
        "industry": "tech",
        "size": "large"
    },
    "rec_seed": {
        "theta_ideal": 0.44765529815712257,
        "urgency": 0.12405680609965541,
        "resource_need": 0.7548499814761097,
        "domain": "budget"
    },
    "situation_seed": {
        "theta_current": 0.09159673646522415,
        "sanction_strength": 0.6318460965633647,
        "provocation_flag": 0,
        "visibility": "private"
    },
    "employees": [
        {
            "employee_id": 0,
            "level": "C-Suite",
            "department": "HR",
            "tenure": 9,
            "manager_id": -1
        },
        {
            "employee_id": 1,
            "level": "Director",
            "department": "Marketing",
            "tenure": 3,
            "manager_id": 0
        },
        {
            "employee_id": 2,
            "level": "Director",
            "department": "Engineering",
            "tenure": 7,
            "manager_id": 0
        },
        {
            "employee_id": 3,
            "level": "Director",
            "department": "Sales",
            "tenure": 6,
            "manager_id": 0
        },
        {
            "employee_id": 4,
            "level": "Director",
            "department": "Engineering",
            "tenure": 8,
            "manager_id": 0
        },
        {
            "employee_id": 5,
            "level": "Manager",
            "department": "Marketing",
            "tenure": 4,
            "manager_id": 3
        },
        {
            "employee_id": 6,
            "level": "Manager",
            "department": "Engineering",
            "tenure": 9,
            "manager_id": 2
        },
        {
            "employee_id": 7,
            "level": "Manager",
            "department": "HR",
            "tenure": 9,
            "manager_id": 4
        },
        {
            "employee_id": 8,
            "level": "Manager",
            "department": "Marketing",
            "tenure": 4,
            "manager_id": 4
        },
        {
            "employee_id": 9,
            "level": "Manager",
            "department": "Engineering",
            "tenure": 3,
            "manager_id": 2
        },
        {
            "employee_id": 10,
            "level": "Manager",
            "department": "Engineering",
            "tenure": 8,
            "manager_id": 2
        },
        {
            "employee_id": 11,
            "level": "Manager",
            "department": "Engineering",
            "tenure": 10,
            "manager_id": 4
        },
        {
            "employee_id": 12,
            "level": "Manager",
            "department": "Sales",
            "tenure": 5,
            "manager_id": 1
        },
        {
            "employee_id": 13,
            "level": "Manager",
            "department": "HR",
            "tenure": 1,
            "manager_id": 1
        },
        {
            "employee_id": 14,
            "level": "Manager",
            "department": "Sales",
            "tenure": 7,
            "manager_id": 2
        },
        {
            "employee_id": 15,
            "level": "Manager",
            "department": "Marketing",
            "tenure": 3,
            "manager_id": 3
        },
        {
            "employee_id": 16,
            "level": "Manager",
            "department": "Engineering",
            "tenure": 2,
            "manager_id": 3
        },
        {
            "employee_id": 17,
            "level": "Manager",
            "department": "HR",
            "tenure": 9,
            "manager_id": 1
        },
        {
            "employee_id": 18,
            "level": "Manager",
            "department": "Marketing",
            "tenure": 8,
            "manager_id": 1
        },
        {
            "employee_id": 19,
            "level": "Manager",
            "department": "Marketing",
            "tenure": 10,
            "manager_id": 1
        },
        {
            "employee_id": 20,
            "level": "Manager",
            "department": "Engineering",
            "tenure": 3,
            "manager_id": 4
        },
        {
            "employee_id": 21,
            "level": "Manager",
            "department": "Engineering",
            "tenure": 3,
            "manager_id": 3
        },
        {
            "employee_id": 22,
            "level": "Manager",
            "department": "HR",
            "tenure": 6,
            "manager_id": 2
        }
    ],
    "graphs": {
        "reports_to": [
            [
                0,
                1,
                1,
                1,
                1,
                0,
                0,
                0,
                0,
                0,
                0,
                0,
                0,
                0,
                0,
                0,
                0,
                0,
                0,
                0,
                0,
                0,
                0
            ],
            [
                0,
                0,
                0,
                0,
                0,
                0,
                0,
                0,
                0,
                0,
                0,
                0,
                1,
                1,
                0,
                0,
                0,
                1,
                1,
                1,
                0,
                0,
                0
            ],
            [
                0,
                0,
                0,
                0,
                0,
                0,
                1,
                0,
                0,
                1,
                1,
                0,
                0,
                0,
                1,
                0,
                0,
                0,
                0,
                0,
                0,
                0,
                1
            ],
            [
                0,
                0,
                0,
                0,
                0,
                1,
                0,
                0,
                0,
                0,
                0,
                0,
                0,
                0,
                0,
                1,
                1,
                0,
                0,
                0,
                0,
                1,
                0
            ],
            [
                0,
                0,
                0,
                0,
                0,
                0,
                0,
                1,
                1,
                0,
                0,
                1,
                0,
                0,
                0,
                0,
                0,
                0,
                0,
                0,
                1,
                0,
                0
            ],
            [
                0,
                0,
                0,
                0,
                0,
                0,
                0,
                0,
                0,
                0,
                0,
                0,
                0,
                0,
                0,
                0,
                0,
                0,
                0,
                0,
                0,
                0,
                0
            ],
            [
                0,
                0,
                0,
                0,
                0,
                0,
                0,
                0,
                0,
                0,
                0,
                0,
                0,
                0,
                0,
                0,
                0,
                0,
                0,
                0,
                0,
                0,
                0
            ],
            [
                0,
                0,
                0,
                0,
                0,
                0,
                0,
                0,
                0,
                0,
                0,
                0,
                0,
                0,
                0,
                0,
                0,
                0,
                0,
                0,
                0,
                0,
                0
            ],
            [
                0,
                0,
                0,
                0,
                0,
                0,
                0,
                0,
                0,
                0,
                0,
                0,
                0,
                0,
                0,
                0,
                0,
                0,
                0,
                0,
                0,
                0,
                0
            ],
            [
                0,
                0,
                0,
                0,
                0,
                0,
                0,
                0,
                0,
                0,
                0,
                0,
                0,
                0,
                0,
                0,
                0,
                0,
                0,
                0,
                0,
                0,
                0
            ],
            [
                0,
                0,
                0,
                0,
                0,
                0,
                0,
                0,
                0,
                0,
                0,
                0,
                0,
                0,
                0,
                0,
                0,
                0,
                0,
                0,
                0,
                0,
                0
            ],
            [
                0,
                0,
                0,
                0,
                0,
                0,
                0,
                0,
                0,
                0,
                0,
                0,
                0,
                0,
                0,
                0,
                0,
                0,
                0,
                0,
                0,
                0,
                0
            ],
            [
                0,
                0,
                0,
                0,
                0,
                0,
                0,
                0,
                0,
                0,
                0,
                0,
                0,
                0,
                0,
                0,
                0,
                0,
                0,
                0,
                0,
                0,
                0
            ],
            [
                0,
                0,
                0,
                0,
                0,
                0,
                0,
                0,
                0,
                0,
                0,
                0,
                0,
                0,
                0,
                0,
                0,
                0,
                0,
                0,
                0,
                0,
                0
            ],
            [
                0,
                0,
                0,
                0,
                0,
                0,
                0,
                0,
                0,
                0,
                0,
                0,
                0,
                0,
                0,
                0,
                0,
                0,
                0,
                0,
                0,
                0,
                0
            ],
            [
                0,
                0,
                0,
                0,
                0,
                0,
                0,
                0,
                0,
                0,
                0,
                0,
                0,
                0,
                0,
                0,
                0,
                0,
                0,
                0,
                0,
                0,
                0
            ],
            [
                0,
                0,
                0,
                0,
                0,
                0,
                0,
                0,
                0,
                0,
                0,
                0,
                0,
                0,
                0,
                0,
                0,
                0,
                0,
                0,
                0,
                0,
                0
            ],
            [
                0,
                0,
                0,
                0,
                0,
                0,
                0,
                0,
                0,
                0,
                0,
                0,
                0,
                0,
                0,
                0,
                0,
                0,
                0,
                0,
                0,
                0,
                0
            ],
            [
                0,
                0,
                0,
                0,
                0,
                0,
                0,
                0,
                0,
                0,
                0,
                0,
                0,
                0,
                0,
                0,
                0,
                0,
                0,
                0,
                0,
                0,
                0
            ],
            [
                0,
                0,
                0,
                0,
                0,
                0,
                0,
                0,
                0,
                0,
                0,
                0,
                0,
                0,
                0,
                0,
                0,
                0,
                0,
                0,
                0,
                0,
                0
            ],
            [
                0,
                0,
                0,
                0,
                0,
                0,
                0,
                0,
                0,
                0,
                0,
                0,
                0,
                0,
                0,
                0,
                0,
                0,
                0,
                0,
                0,
                0,
                0
            ],
            [
                0,
                0,
                0,
                0,
                0,
                0,
                0,
                0,
                0,
                0,
                0,
                0,
                0,
                0,
                0,
                0,
                0,
                0,
                0,
                0,
                0,
                0,
                0
            ],
            [
                0,
                0,
                0,
                0,
                0,
                0,
                0,
                0,
                0,
                0,
                0,
                0,
                0,
                0,
                0,
                0,
                0,
                0,
                0,
                0,
                0,
                0,
                0
            ]
        ],
        "collaboration": [
            [
                0.0,
                0.8335953468792727,
                0.8906186223515132,
                0.7264205070813632,
                0.8179707749699235,
                0.01059173221367381,
                0.018655336689966308,
                0.20183542471988658,
                0.07699863815630081,
                0.06940840383329125,
                0.06681578277271524,
                0.09171847012401263,
                0.04267335790236886,
                0.33875489024944777,
                0.054620335602411196,
                0.037231319596395175,
                0.04568687695514098,
                0.3904650601567991,
                0.02816091977567701,
                0.011088843983755882,
                0.07469566389431023,
                0.07086652305015116,
                0.2642936455238422
            ],
            [
                0.8335953468792727,
                0.0,
                0.6257789088101937,
                0.7097507261735877,
                0.7842107542988653,
                0.23823508529858228,
                0.023784076078092044,
                0.03786666122704733,
                0.23398236122599886,
                0.0025874489316757843,
                0.04252023944000532,
                0.07218727646304045,
                0.7311133363679089,
                0.8643961692265258,
                0.0340164838322667,
                0.3283149069877228,
                0.08779689966201087,
                0.744387296614553,
                0.7216663444392137,
                0.701823496754751,
                0.07018233899215572,
                0.07132851572150471,
                0.010877492529362088
            ],
            [
                0.8906186223515132,
                0.6257789088101937,
                0.0,
                0.6673197158694986,
                0.6422581406106759,
                0.08100800919688542,
                0.7499475419421907,
                0.0050306533748207816,
                0.025446099136276757,
                0.8381356021898807,
                0.876282931634194,
                0.3861682640224943,
                0.016143625066467028,
                0.015696207611913482,
                0.7680599409018553,
                0.0471386576710765,
                0.3189439827617157,
                0.07645455237645117,
                0.07792298512481394,
                0.04223484825313898,
                0.3325525812539333,
                0.3812171815802828,
                0.8923594021328997
            ],
            [
                0.7264205070813632,
                0.7097507261735877,
                0.6673197158694986,
                0.0,
                0.7404935777010186,
                0.7566873781390141,
                0.0931570478622723,
                0.018789781802862438,
                0.006033014373822854,
                0.048588471685964696,
                0.09345300335252567,
                0.016135113398667713,
                0.30647582573330706,
                0.07780022755624427,
                0.36103377905224737,
                0.8821015445086491,
                0.830101503111813,
                0.09182657484266046,
                0.03892582099734585,
                0.06328363256660571,
                0.09421928611098834,
                0.7669608326203268,
                0.002124984141110187
            ],
            [
                0.8179707749699235,
                0.7842107542988653,
                0.6422581406106759,
                0.7404935777010186,
                0.0,
                0.07036705118629814,
                0.3848686799051608,
                0.8788317069569027,
                0.8770326198638145,
                0.3313709067107502,
                0.22112910706141276,
                0.8572926441305835,
                0.09542874199760146,
                0.06527635272156719,
                0.010380254662803068,
                0.004898131815868612,
                0.38886019663798027,
                0.05394514464215447,
                0.08890563076477509,
                0.09299463211585347,
                0.8160902584932009,
                0.23721903454149476,
                0.07305960317945535
            ],
            [
                0.01059173221367381,
                0.23823508529858228,
                0.08100800919688542,
                0.7566873781390141,
                0.07036705118629814,
                0.0,
                0.08720552154769362,
                0.05348049328267812,
                0.35949919015049947,
                0.06070310266016642,
                0.04360322871941098,
                0.05248424271931645,
                0.03213703510543995,
                0.0830223417198761,
                0.055320462568493635,
                0.6323670090817841,
                0.6871144526515739,
                0.07751983511869631,
                0.2992227162590287,
                0.32616371870706606,
                0.003128399006013405,
                0.7409607033895594,
                0.03362167317938545
            ],
            [
                0.018655336689966308,
                0.023784076078092044,
                0.7499475419421907,
                0.0931570478622723,
                0.3848686799051608,
                0.08720552154769362,
                0.0,
                0.07056730253412054,
                0.09236926183187366,
                0.7068996004293107,
                0.7449732743558465,
                0.31661786287446236,
                0.0008524615586028794,
                0.05230943167358856,
                0.6737717349449064,
                0.05590271848674936,
                0.24326028921814769,
                0.006677848132995357,
                0.06517366615587009,
                0.05376009529939196,
                0.300564734419825,
                0.2101061507751568,
                0.7878209208164699
            ],
            [
                0.20183542471988658,
                0.03786666122704733,
                0.0050306533748207816,
                0.018789781802862438,
                0.8788317069569027,
                0.05348049328267812,
                0.07056730253412054,
                0.0,
                0.6353223133414809,
                0.05512520662408134,
                0.014134286470132262,
                0.7189230098068371,
                0.007313139729340135,
                0.31249096855505626,
                0.027485765527667728,
                0.09122808852266606,
                0.07299708004510135,
                0.3720135675747072,
                0.045407510848014566,
                0.04312479161585836,
                0.7207055461609739,
                0.08479185923209744,
                0.3213096248982097
            ],
            [
                0.07699863815630081,
                0.23398236122599886,
                0.025446099136276757,
                0.006033014373822854,
                0.8770326198638145,
                0.35949919015049947,
                0.09236926183187366,
                0.6353223133414809,
                0.0,
                0.008186924068871282,
                0.09372721799003719,
                0.7731596964108622,
                0.05315516163478116,
                0.08777964482527917,
                0.07084264789320163,
                0.3239577400448507,
                0.05588167306240305,
                0.054207036436272865,
                0.34859042620758884,
                0.3585291612019213,
                0.6973051264190895,
                0.07976546487654732,
                0.0767698533889049
            ],
            [
                0.06940840383329125,
                0.0025874489316757843,
                0.8381356021898807,
                0.048588471685964696,
                0.3313709067107502,
                0.06070310266016642,
                0.7068996004293107,
                0.05512520662408134,
                0.008186924068871282,
                0.0,
                0.6243843701663528,
                0.3694221080045498,
                0.07444664044054049,
                0.07782136412546214,
                0.6678854422940579,
                0.05669172689121685,
                0.30495213144477074,
                0.06754059074385134,
                0.04540684873859685,
                0.09213129999634083,
                0.3888273338682018,
                0.3074825933948775,
                0.66257020240902
            ],
            [
                0.06681578277271524,
                0.04252023944000532,
                0.876282931634194,
                0.09345300335252567,
                0.22112910706141276,
                0.04360322871941098,
                0.7449732743558465,
                0.014134286470132262,
                0.09372721799003719,
                0.6243843701663528,
                0.0,
                0.3408311337716312,
                0.06420239616917581,
                0.05797834649749474,
                0.7356278162228728,
                0.022305306231309732,
                0.30706977573542116,
                0.07492739867588284,
                0.09718557359433769,
                0.042689775046343574,
                0.32344612104379955,
                0.37001428040001705,
                0.7548750682429195
            ],
            [
                0.09171847012401263,
                0.07218727646304045,
                0.3861682640224943,
                0.016135113398667713,
                0.8572926441305835,
                0.05248424271931645,
                0.31661786287446236,
                0.7189230098068371,
                0.7731596964108622,
                0.3694221080045498,
                0.3408311337716312,
                0.0,
                0.06511037268657918,
                0.05376593282042465,
                0.010897612221873333,
                0.07101533213402782,
                0.29954810973423285,
                0.08990207826407683,
                0.049143907547659384,
                0.06588492522964673,
                0.7942934085948218,
                0.3531757759502838,
                0.07438354939647632
            ],
            [
                0.04267335790236886,
                0.7311133363679089,
                0.016143625066467028,
                0.30647582573330706,
                0.09542874199760146,
                0.03213703510543995,
                0.0008524615586028794,
                0.007313139729340135,
                0.05315516163478116,
                0.07444664044054049,
                0.06420239616917581,
                0.06511037268657918,
                0.0,
                0.7237180009455534,
                0.31508265529656476,
                0.04752650728026703,
                0.05159452002031737,
                0.6108970271738684,
                0.7859549691453098,
                0.6868422792204268,
                0.0068183619289392434,
                0.01758206634588402,
                0.07649455184996992
            ],
            [
                0.33875489024944777,
                0.8643961692265258,
                0.015696207611913482,
                0.07780022755624427,
                0.06527635272156719,
                0.0830223417198761,
                0.05230943167358856,
                0.31249096855505626,
                0.08777964482527917,
                0.07782136412546214,
                0.05797834649749474,
                0.05376593282042465,
                0.7237180009455534,
                0.0,
                0.058842988302647864,
                0.04393788121770188,
                0.05176635280969142,
                0.7504943211012449,
                0.7030409087460446,
                0.6200583030765866,
                0.05411162566333773,
                0.043463383795653246,
                0.27319284405845234
            ],
            [
                0.054620335602411196,
                0.0340164838322667,
                0.7680599409018553,
                0.36103377905224737,
                0.010380254662803068,
                0.055320462568493635,
                0.6737717349449064,
                0.027485765527667728,
                0.07084264789320163,
                0.6678854422940579,
                0.7356278162228728,
                0.010897612221873333,
                0.31508265529656476,
                0.058842988302647864,
                0.0,
                0.09256023683975863,
                0.07261622569424911,
                0.04409103146211993,
                0.005272062573354475,
                0.025390312311832933,
                0.04367775492530279,
                0.030341580205918685,
                0.7805921097492099
            ],
            [
                0.037231319596395175,
                0.3283149069877228,
                0.0471386576710765,
                0.8821015445086491,
                0.004898131815868612,
                0.6323670090817841,
                0.05590271848674936,
                0.09122808852266606,
                0.3239577400448507,
                0.05669172689121685,
                0.022305306231309732,
                0.07101533213402782,
                0.04752650728026703,
                0.04393788121770188,
                0.09256023683975863,
                0.0,
                0.7236042565919665,
                0.014092544925292806,
                0.2501518828958632,
                0.32342829898396863,
                0.05135090874253076,
                0.7827297051205793,
                0.07992499900076891
            ],
            [
                0.04568687695514098,
                0.08779689966201087,
                0.3189439827617157,
                0.830101503111813,
                0.38886019663798027,
                0.6871144526515739,
                0.24326028921814769,
                0.07299708004510135,
                0.05588167306240305,
                0.30495213144477074,
                0.30706977573542116,
                0.29954810973423285,
                0.05159452002031737,
                0.05176635280969142,
                0.07261622569424911,
                0.7236042565919665,
                0.0,
                0.08142309893679668,
                0.09456133772669606,
                0.07907735812791256,
                0.28287988718936785,
                0.6853631109336469,
                0.030420271477998573
            ],
            [
                0.3904650601567991,
                0.744387296614553,
                0.07645455237645117,
                0.09182657484266046,
                0.05394514464215447,
                0.07751983511869631,
                0.006677848132995357,
                0.3720135675747072,
                0.054207036436272865,
                0.06754059074385134,
                0.07492739867588284,
                0.08990207826407683,
                0.6108970271738684,
                0.7504943211012449,
                0.04409103146211993,
                0.014092544925292806,
                0.08142309893679668,
                0.0,
                0.7462896317558355,
                0.7644427668900388,
                0.008372204432795294,
                0.06730494935929104,
                0.2955589828254537
            ],
            [
                0.02816091977567701,
                0.7216663444392137,
                0.07792298512481394,
                0.03892582099734585,
                0.08890563076477509,
                0.2992227162590287,
                0.06517366615587009,
                0.045407510848014566,
                0.34859042620758884,
                0.04540684873859685,
                0.09718557359433769,
                0.049143907547659384,
                0.7859549691453098,
                0.7030409087460446,
                0.005272062573354475,
                0.2501518828958632,
                0.09456133772669606,
                0.7462896317558355,
                0.0,
                0.7119601149185387,
                0.004307266858107762,
                0.061524876140319366,
                0.005148702608149869
            ],
            [
                0.011088843983755882,
                0.701823496754751,
                0.04223484825313898,
                0.06328363256660571,
                0.09299463211585347,
                0.32616371870706606,
                0.05376009529939196,
                0.04312479161585836,
                0.3585291612019213,
                0.09213129999634083,
                0.042689775046343574,
                0.06588492522964673,
                0.6868422792204268,
                0.6200583030765866,
                0.025390312311832933,
                0.32342829898396863,
                0.07907735812791256,
                0.7644427668900388,
                0.7119601149185387,
                0.0,
                0.039668930029474574,
                0.041914733821768246,
                0.025543876521244503
            ],
            [
                0.07469566389431023,
                0.07018233899215572,
                0.3325525812539333,
                0.09421928611098834,
                0.8160902584932009,
                0.003128399006013405,
                0.300564734419825,
                0.7207055461609739,
                0.6973051264190895,
                0.3888273338682018,
                0.32344612104379955,
                0.7942934085948218,
                0.0068183619289392434,
                0.05411162566333773,
                0.04367775492530279,
                0.05135090874253076,
                0.28287988718936785,
                0.008372204432795294,
                0.004307266858107762,
                0.039668930029474574,
                0.0,
                0.26970264252685144,
                0.004254296499283972
            ],
            [
                0.07086652305015116,
                0.07132851572150471,
                0.3812171815802828,
                0.7669608326203268,
                0.23721903454149476,
                0.7409607033895594,
                0.2101061507751568,
                0.08479185923209744,
                0.07976546487654732,
                0.3074825933948775,
                0.37001428040001705,
                0.3531757759502838,
                0.01758206634588402,
                0.043463383795653246,
                0.030341580205918685,
                0.7827297051205793,
                0.6853631109336469,
                0.06730494935929104,
                0.061524876140319366,
                0.041914733821768246,
                0.26970264252685144,
                0.0,
                0.03230377621121272
            ],
            [
                0.2642936455238422,
                0.010877492529362088,
                0.8923594021328997,
                0.002124984141110187,
                0.07305960317945535,
                0.03362167317938545,
                0.7878209208164699,
                0.3213096248982097,
                0.0767698533889049,
                0.66257020240902,
                0.7548750682429195,
                0.07438354939647632,
                0.07649455184996992,
                0.27319284405845234,
                0.7805921097492099,
                0.07992499900076891,
                0.030420271477998573,
                0.2955589828254537,
                0.005148702608149869,
                0.025543876521244503,
                0.004254296499283972,
                0.03230377621121272,
                0.0
            ]
        ],
        "friendship": [
            [
                0,
                1,
                1,
                1,
                1,
                0,
                0,
                0,
                0,
                0,
                0,
                0,
                0,
                0,
                0,
                0,
                0,
                0,
                0,
                0,
                0,
                0,
                0
            ],
            [
                1,
                0,
                1,
                1,
                1,
                0,
                0,
                0,
                0,
                0,
                0,
                0,
                1,
                1,
                0,
                0,
                0,
                1,
                1,
                1,
                0,
                0,
                0
            ],
            [
                1,
                1,
                0,
                1,
                1,
                0,
                1,
                0,
                0,
                1,
                1,
                0,
                0,
                0,
                1,
                0,
                0,
                0,
                0,
                0,
                0,
                0,
                1
            ],
            [
                1,
                1,
                1,
                0,
                1,
                1,
                0,
                0,
                0,
                0,
                0,
                0,
                0,
                0,
                0,
                1,
                1,
                0,
                0,
                0,
                0,
                1,
                0
            ],
            [
                1,
                1,
                1,
                1,
                0,
                0,
                0,
                1,
                1,
                0,
                0,
                1,
                0,
                0,
                0,
                0,
                0,
                0,
                0,
                0,
                1,
                0,
                0
            ],
            [
                0,
                0,
                0,
                1,
                0,
                0,
                0,
                0,
                1,
                0,
                0,
                0,
                0,
                0,
                0,
                1,
                1,
                0,
                0,
                0,
                0,
                1,
                0
            ],
            [
                0,
                0,
                1,
                0,
                0,
                0,
                0,
                0,
                0,
                1,
                1,
                0,
                0,
                0,
                1,
                0,
                0,
                0,
                0,
                0,
                0,
                0,
                1
            ],
            [
                0,
                0,
                0,
                0,
                1,
                0,
                0,
                0,
                1,
                0,
                0,
                1,
                0,
                0,
                0,
                0,
                0,
                1,
                0,
                0,
                1,
                0,
                0
            ],
            [
                0,
                0,
                0,
                0,
                1,
                1,
                0,
                1,
                0,
                0,
                0,
                1,
                0,
                0,
                0,
                1,
                0,
                0,
                0,
                0,
                1,
                0,
                0
            ],
            [
                0,
                0,
                1,
                0,
                0,
                0,
                1,
                0,
                0,
                0,
                1,
                0,
                0,
                0,
                1,
                0,
                0,
                0,
                0,
                0,
                1,
                1,
                1
            ],
            [
                0,
                0,
                1,
                0,
                0,
