{
    "num_employees": 21,
    "org_seed": {
        "power_distance": 0.053821018802222675,
        "sanction_salience": 0.22035987277261138,
        "in_group_bias": 0.1843718106986697,
        "industry": "tech",
        "size": "large"
    },
    "rec_seed": {
        "theta_ideal": 0.44765529815712257,
        "urgency": 0.12405680609965541,
        "resource_need": 0.7548499814761097,
        "domain": "budget"
    },
    "situation_seed": {
        "theta_current": 0.09159673646522415,
        "sanction_strength": 0.6318460965633647,
        "provocation_flag": 0,
        "visibility": "private"
    },
    "employees": [
        {
            "employee_id": 0,
            "level": "C-Suite",
            "department": "Engineering",
            "tenure": 3,
            "manager_id": -1
        },
        {
            "employee_id": 1,
            "level": "Director",
            "department": "HR",
            "tenure": 2,
            "manager_id": 0
        },
        {
            "employee_id": 2,
            "level": "Director",
            "department": "Engineering",
            "tenure": 10,
            "manager_id": 0
        },
        {
            "employee_id": 3,
            "level": "Director",
            "department": "Sales",
            "tenure": 6,
            "manager_id": 0
        },
        {
            "employee_id": 4,
            "level": "Director",
            "department": "Engineering",
            "tenure": 8,
            "manager_id": 0
        },
        {
            "employee_id": 5,
            "level": "Manager",
            "department": "Engineering",
            "tenure": 4,
            "manager_id": 3
        },
        {
            "employee_id": 6,
            "level": "Manager",
            "department": "Engineering",
            "tenure": 9,
            "manager_id": 3
        },
        {
            "employee_id": 7,
            "level": "Manager",
            "department": "Sales",
            "tenure": 9,
            "manager_id": 3
        },
        {
            "employee_id": 8,
            "level": "Manager",
            "department": "Marketing",
            "tenure": 2,
            "manager_id": 2
        },
        {
            "employee_id": 9,
            "level": "Manager",
            "department": "Engineering",
            "tenure": 2,
            "manager_id": 1
        },
        {
            "employee_id": 10,
            "level": "Manager",
            "department": "Engineering",
            "tenure": 2,
            "manager_id": 4
        },
        {
            "employee_id": 11,
            "level": "Manager",
            "department": "Engineering",
            "tenure": 8,
            "manager_id": 4
        },
        {
            "employee_id": 12,
            "level": "Manager",
            "department": "Sales",
            "tenure": 10,
            "manager_id": 1
        },
        {
            "employee_id": 13,
            "level": "Manager",
            "department": "HR",
            "tenure": 7,
            "manager_id": 2
        },
        {
            "employee_id": 14,
            "level": "Manager",
            "department": "Engineering",
            "tenure": 7,
            "manager_id": 2
        },
        {
            "employee_id": 15,
            "level": "Manager",
            "department": "Marketing",
            "tenure": 9,
            "manager_id": 4
        },
        {
            "employee_id": 16,
            "level": "Manager",
            "department": "Sales",
            "tenure": 6,
            "manager_id": 4
        },
        {
            "employee_id": 17,
            "level": "Manager",
            "department": "Marketing",
            "tenure": 5,
            "manager_id": 2
        },
        {
            "employee_id": 18,
            "level": "Manager",
            "department": "Engineering",
            "tenure": 3,
            "manager_id": 1
        },
        {
            "employee_id": 19,
            "level": "Manager",
            "department": "Marketing",
            "tenure": 3,
            "manager_id": 2
        },
        {
            "employee_id": 20,
            "level": "Manager",
            "department": "Sales",
            "tenure": 5,
            "manager_id": 1
        }
    ],
    "graphs": {
        "reports_to": [
            [
                0,
                1,
                1,
                1,
                1,
                0,
                0,
                0,
                0,
                0,
                0,
                0,
                0,
                0,
                0,
                0,
                0,
                0,
                0,
                0,
                0
            ],
            [
                0,
                0,
                0,
                0,
                0,
                0,
                0,
                0,
                0,
                1,
                0,
                0,
                1,
                0,
                0,
                0,
                0,
                0,
                1,
                0,
                1
            ],
            [
                0,
                0,
                0,
                0,
                0,
                0,
                0,
                0,
                1,
                0,
                0,
                0,
                0,
                1,
                1,
                0,
                0,
                1,
                0,
                1,
                0
            ],
            [
                0,
                0,
                0,
                0,
                0,
                1,
                1,
                1,
                0,
                0,
                0,
                0,
                0,
                0,
                0,
                0,
                0,
                0,
                0,
                0,
                0
            ],
            [
                0,
                0,
                0,
                0,
                0,
                0,
                0,
                0,
                0,
                0,
                1,
                1,
                0,
                0,
                0,
                1,
                1,
                0,
                0,
                0,
                0
            ],
            [
                0,
                0,
                0,
                0,
                0,
                0,
                0,
                0,
                0,
                0,
                0,
                0,
                0,
                0,
                0,
                0,
                0,
                0,
                0,
                0,
                0
            ],
            [
                0,
                0,
                0,
                0,
                0,
                0,
                0,
                0,
                0,
                0,
                0,
                0,
                0,
                0,
                0,
                0,
                0,
                0,
                0,
                0,
                0
            ],
            [
                0,
                0,
                0,
                0,
                0,
                0,
                0,
                0,
                0,
                0,
                0,
                0,
                0,
                0,
                0,
                0,
                0,
                0,
                0,
                0,
                0
            ],
            [
                0,
                0,
                0,
                0,
                0,
                0,
                0,
                0,
                0,
                0,
                0,
                0,
                0,
                0,
                0,
                0,
                0,
                0,
                0,
                0,
                0
            ],
            [
                0,
                0,
                0,
                0,
                0,
                0,
                0,
                0,
                0,
                0,
                0,
                0,
                0,
                0,
                0,
                0,
                0,
                0,
                0,
                0,
                0
            ],
            [
                0,
                0,
                0,
                0,
                0,
                0,
                0,
                0,
                0,
                0,
                0,
                0,
                0,
                0,
                0,
                0,
                0,
                0,
                0,
                0,
                0
            ],
            [
                0,
                0,
                0,
                0,
                0,
                0,
                0,
                0,
                0,
                0,
                0,
                0,
                0,
                0,
                0,
                0,
                0,
                0,
                0,
                0,
                0
            ],
            [
                0,
                0,
                0,
                0,
                0,
                0,
                0,
                0,
                0,
                0,
                0,
                0,
                0,
                0,
                0,
                0,
                0,
                0,
                0,
                0,
                0
            ],
            [
                0,
                0,
                0,
                0,
                0,
                0,
                0,
                0,
                0,
                0,
                0,
                0,
                0,
                0,
                0,
                0,
                0,
                0,
                0,
                0,
                0
            ],
            [
                0,
                0,
                0,
                0,
                0,
                0,
                0,
                0,
                0,
                0,
                0,
                0,
                0,
                0,
                0,
                0,
                0,
                0,
                0,
                0,
                0
            ],
            [
                0,
                0,
                0,
                0,
                0,
                0,
                0,
                0,
                0,
                0,
                0,
                0,
                0,
                0,
                0,
                0,
                0,
                0,
                0,
                0,
                0
            ],
            [
                0,
                0,
                0,
                0,
                0,
                0,
                0,
                0,
                0,
                0,
                0,
                0,
                0,
                0,
                0,
                0,
                0,
                0,
                0,
                0,
                0
            ],
            [
                0,
                0,
                0,
                0,
                0,
                0,
                0,
                0,
                0,
                0,
                0,
                0,
                0,
                0,
                0,
                0,
                0,
                0,
                0,
                0,
                0
            ],
            [
                0,
                0,
                0,
                0,
                0,
                0,
                0,
                0,
                0,
                0,
                0,
                0,
                0,
                0,
                0,
                0,
                0,
                0,
                0,
                0,
                0
            ],
            [
                0,
                0,
                0,
                0,
                0,
                0,
                0,
                0,
                0,
                0,
                0,
                0,
                0,
                0,
                0,
                0,
                0,
                0,
                0,
                0,
                0
            ],
            [
                0,
                0,
                0,
                0,
                0,
                0,
                0,
                0,
                0,
                0,
                0,
                0,
                0,
                0,
                0,
                0,
                0,
                0,
                0,
                0,
                0
            ]
        ],
        "collaboration": [
            [
                0.0,
                0.8125503933520252,
                0.8951137685118309,
                0.7681754614975477,
                0.7001508815062254,
                0.3691268964940127,
                0.2950179564481622,
                0.000944050332690205,
                0.04962065487655568,
                0.33394027769521806,
                0.20775014863688762,
                0.26047781411021487,
                0.007876199170283182,
                0.06550442767643751,
                0.3234587561554374,
                0.03492780243239201,
                0.04479340502514591,
                0.02005296819815705,
                0.30394171557324867,
                0.04513038467494601,
                0.0015376018365094613
            ],
            [
                0.8125503933520252,
                0.0,
                0.7483175001816442,
                0.7635990485497723,
                0.6919366433794276,
                0.09013140441628302,
                0.05021474474057637,
                0.09455534406635192,
                0.029333966314160388,
                0.7057305122514886,
                0.04700037128071567,
                0.046257870891473846,
                0.7453122783260048,
                0.32215115768899594,
                0.014125871092111664,
                0.09540224866978157,
                0.05243774914593257,
                0.09548777371306152,
                0.8133823942407139,
                0.06497742369753759,
                0.7248784232213346
            ],
            [
                0.8951137685118309,
                0.7483175001816442,
                0.0,
                0.7806065489518366,
                0.6376810323929352,
                0.34473330192156837,
                0.3488780785175579,
                0.009591750053967275,
                0.8840840594327523,
                0.3072491238925085,
                0.2760284576028236,
                0.2678053826751421,
                0.007761964987992299,
                0.7347189133818092,
                0.7837822526741147,
                0.0515639759617041,
                0.014289575052344516,
                0.7664435368881004,
                0.37886795925307304,
                0.855341991154794,
                0.06706914020939649
            ],
            [
                0.7681754614975477,
                0.7635990485497723,
                0.7806065489518366,
                0.0,
                0.6435376963961167,
                0.7637914137214106,
                0.8304824680800601,
                0.8828820515944026,
                0.021830726863343888,
                0.0692177827219188,
                0.08896356226050647,
                0.0963175546043182,
                0.22385974307526246,
                0.005635087692911889,
                0.07203295331123126,
                0.04870182428923449,
                0.36890363965427575,
                0.09107683642072795,
                0.072893440460363,
                0.07993269687339671,
                0.2910817746799731
            ],
            [
                0.7001508815062254,
                0.6919366433794276,
                0.6376810323929352,
                0.6435376963961167,
                0.0,
                0.3250359202574652,
                0.34951135466457,
                0.04177949939033411,
                0.09560751548369871,
                0.3378379727673485,
                0.7722364543770551,
                0.7372010026872046,
                0.06921371476612069,
                0.0051012564293511755,
                0.30210915474735117,
                0.7176883903701063,
                0.8956701953343031,
                0.024254121981483457,
                0.34444435258836975,
                0.020328815921934397,
                0.0747093965383614
            ],
            [
                0.3691268964940127,
                0.09013140441628302,
                0.34473330192156837,
                0.7637914137214106,
                0.3250359202574652,
                0.0,
                0.7713678704132279,
                0.6700682450624846,
                0.03983197955428019,
                0.3329376491125532,
                0.37305311763659754,
                0.21708287341808727,
                0.07077055627080335,
                0.06154603362090723,
                0.28354239050920893,
                0.06088108067566583,
                0.011232995190270113,
                0.040922589874145016,
                0.2660638976583874,
                0.01349546723986711,
                0.01328476126748669
            ],
            [
                0.2950179564481622,
                0.05021474474057637,
                0.3488780785175579,
                0.8304824680800601,
                0.34951135466457,
                0.7713678704132279,
                0.0,
                0.750668803415807,
                0.04192640793983339,
                0.28742872271892017,
                0.2445562963765343,
                0.29259823339151747,
                0.06361302914478166,
                0.09882941251156101,
                0.29037978634513406,
                0.031469622784424604,
                0.06735477270090866,
                0.07722899968272733,
                0.3853780369612263,
                0.04173037672120222,
                0.0235362896320683
            ],
            [
                0.000944050332690205,
                0.09455534406635192,
                0.009591750053967275,
                0.8828820515944026,
                0.04177949939033411,
                0.6700682450624846,
                0.750668803415807,
                0.0,
                0.016640796492113998,
                0.029942976611946337,
                0.09961803226585447,
                0.0084326617185572,
                0.35878331441390926,
                0.08389188263350164,
                0.0820621741786262,
                0.082837947559448,
                0.21701915595624055,
                0.09101447158933818,
                0.0963788468730556,
                0.029890087264135334,
                0.3817204224752306
            ],
            [
                0.04962065487655568,
                0.029333966314160388,
                0.8840840594327523,
                0.021830726863343888,
                0.09560751548369871,
                0.03983197955428019,
                0.04192640793983339,
                0.016640796492113998,
                0.0,
                0.003552252914491161,
                0.07314090658526544,
                0.05826773471661653,
                0.0684304342881612,
                0.7043064348465662,
                0.7205554842873794,
                0.3052737018892638,
                0.047005292121616575,
                0.7858973669570088,
                0.007781546922462013,
                0.699693813675665,
                0.02810754517887916
            ],
            [
                0.33394027769521806,
                0.7057305122514886,
                0.3072491238925085,
                0.0692177827219188,
                0.3378379727673485,
                0.3329376491125532,
                0.28742872271892017,
                0.029942976611946337,
                0.003552252914491161,
                0.0,
                0.2805931937632165,
                0.3879764254112676,
                0.6041447674274246,
                0.09314526111000554,
                0.2722107236402997,
                0.01575518216364128,
                0.07587345454689813,
                0.0052077340271669105,
                0.7397850929737566,
                0.0924870449809092,
                0.7843914833569606
            ],
            [
                0.20775014863688762,
                0.04700037128071567,
                0.2760284576028236,
                0.08896356226050647,
                0.7722364543770551,
                0.37305311763659754,
                0.2445562963765343,
                0.09961803226585447,
                0.07314090658526544,
                0.2805931937632165,
                0.0,
                0.7541113104889688,
                0.06217239142861403,
                0.03475148670243924,
                0.23242666330572026,
                0.6212755656843469,
                0.6007031746578202,
                0.030350563698634137,
                0.3062724086937757,
                0.02201192486386362,
                0.07424440857642764
            ],
            [
                0.26047781411021487,
                0.046257870891473846,
                0.2678053826751421,
                0.0963175546043182,
                0.7372010026872046,
                0.21708287341808727,
                0.29259823339151747,
                0.0084326617185572,
                0.05826773471661653,
                0.3879764254112676,
                0.7541113104889688,
                0.0,
                0.041998388936775446,
                0.017421248849397088,
                0.3779373628379563,
                0.7602731032699197,
                0.7577158055660034,
                0.02817076424566034,
                0.21511216689278964,
                0.04731427912542731,
                0.07532402689275286
            ],
            [
                0.007876199170283182,
                0.7453122783260048,
                0.007761964987992299,
                0.22385974307526246,
                0.06921371476612069,
                0.07077055627080335,
                0.06361302914478166,
                0.35878331441390926,
                0.0684304342881612,
                0.6041447674274246,
                0.06217239142861403,
                0.041998388936775446,
                0.0,
                0.04042889153271524,
                0.03023269314412449,
                0.06315094902308921,
                0.2825822221452834,
                0.08708338134885095,
                0.675851219192594,
                0.028873964262190535,
                0.7230343506020186
            ],
            [
                0.06550442767643751,
                0.32215115768899594,
                0.7347189133818092,
                0.005635087692911889,
                0.0051012564293511755,
                0.06154603362090723,
                0.09882941251156101,
                0.08389188263350164,
                0.7043064348465662,
                0.09314526111000554,
                0.03475148670243924,
                0.017421248849397088,
                0.04042889153271524,
                0.0,
                0.7536479846506151,
                0.03909644343064095,
                0.03759085311327956,
                0.6508833601589865,
                0.04733640268259662,
                0.7349244304096226,
                0.04429066350340469
            ],
            [
                0.3234587561554374,
                0.014125871092111664,
                0.7837822526741147,
                0.07203295331123126,
                0.30210915474735117,
                0.28354239050920893,
                0.29037978634513406,
                0.0820621741786262,
                0.7205554842873794,
                0.2722107236402997,
                0.23242666330572026,
                0.3779373628379563,
                0.03023269314412449,
                0.7536479846506151,
                0.0,
                0.06750892452068362,
                0.09391571655977081,
                0.7499352785535098,
                0.22101891289159314,
                0.7001164593273993,
                0.07102588875979536
            ],
            [
                0.03492780243239201,
                0.09540224866978157,
                0.0515639759617041,
                0.04870182428923449,
                0.7176883903701063,
                0.06088108067566583,
                0.031469622784424604,
                0.082837947559448,
                0.3052737018892638,
                0.01575518216364128,
                0.6212755656843469,
                0.7602731032699197,
                0.06315094902308921,
                0.03909644343064095,
                0.06750892452068362,
                0.0,
                0.7904182477916634,
                0.23090209111945997,
                0.026729277384220908,
                0.20326668787258817,
                0.009529647438048561
            ],
            [
                0.04479340502514591,
                0.05243774914593257,
                0.014289575052344516,
                0.36890363965427575,
                0.8956701953343031,
                0.011232995190270113,
                0.06735477270090866,
                0.21701915595624055,
                0.047005292121616575,
                0.07587345454689813,
                0.6007031746578202,
                0.7577158055660034,
                0.2825822221452834,
                0.03759085311327956,
                0.09391571655977081,
                0.7904182477916634,
                0.0,
                0.08170483101423331,
                0.05500648663160708,
                0.018550877251140564,
                0.30304008493777
            ],
            [
                0.02005296819815705,
                0.09548777371306152,
                0.7664435368881004,
                0.09107683642072795,
                0.024254121981483457,
                0.040922589874145016,
                0.07722899968272733,
                0.09101447158933818,
                0.7858973669570088,
                0.0052077340271669105,
                0.030350563698634137,
                0.02817076424566034,
                0.08708338134885095,
                0.6508833601589865,
                0.7499352785535098,
                0.23090209111945997,
                0.08170483101423331,
                0.0,
                0.07484433326367382,
                0.7496212331645989,
                0.045681102870645265
            ],
            [
                0.30394171557324867,
                0.8133823942407139,
                0.37886795925307304,
                0.072893440460363,
                0.34444435258836975,
                0.2660638976583874,
                0.3853780369612263,
                0.0963788468730556,
                0.007781546922462013,
                0.7397850929737566,
                0.3062724086937757,
                0.21511216689278964,
                0.675851219192594,
                0.04733640268259662,
                0.22101891289159314,
                0.026729277384220908,
                0.05500648663160708,
                0.07484433326367382,
                0.0,
                0.09401828438606159,
                0.798034874832144
            ],
            [
                0.04513038467494601,
                0.06497742369753759,
                0.855341991154794,
                0.07993269687339671,
                0.020328815921934397,
                0.01349546723986711,
                0.04173037672120222,
                0.029890087264135334,
                0.699693813675665,
                0.0924870449809092,
                0.02201192486386362,
                0.04731427912542731,
                0.028873964262190535,
                0.7349244304096226,
                0.7001164593273993,
                0.20326668787258817,
                0.018550877251140564,
                0.7496212331645989,
                0.09401828438606159,
                0.0,
                0.06328107404485396
            ],
            [
                0.0015376018365094613,
                0.7248784232213346,
                0.06706914020939649,
                0.2910817746799731,
                0.0747093965383614,
                0.01328476126748669,
                0.0235362896320683,
                0.3817204224752306,
                0.02810754517887916,
                0.7843914833569606,
                0.07424440857642764,
                0.07532402689275286,
                0.7230343506020186,
                0.04429066350340469,
                0.07102588875979536,
                0.009529647438048561,
                0.30304008493777,
                0.045681102870645265,
                0.798034874832144,
                0.06328107404485396,
                0.0
            ]
        ],
        "friendship": [
            [
                0,
                1,
                1,
                1,
                1,
                0,
                0,
                0,
                0,
                0,
                0,
                0,
                0,
                0,
                0,
                0,
                0,
                0,
                0,
                0,
                0
            ],
            [
                1,
                0,
                1,
                1,
                1,
                0,
                0,
                0,
                0,
                1,
                0,
                0,
                1,
                0,
                0,
                0,
                0,
                0,
                1,
                0,
                1
            ],
            [
                1,
                1,
                0,
                1,
                1,
                0,
                0,
                0,
                1,
                0,
                0,
                0,
                0,
                1,
                1,
                0,
                0,
                1,
                0,
                1,
                0
            ],
            [
                1,
                1,
                1,
                0,
                1,
                1,
                1,
                1,
                0,
                0,
                0,
                0,
                0,
                0,
                0,
                0,
                0,
                0,
                0,
                0,
                0
            ],
            [
                1,
                1,
                1,
                1,
                0,
                0,
                0,
                0,
                0,
                0,
                1,
                1,
                0,
                0,
                0,
                1,
                1,
                0,
                0,
                0,
                0
            ],
            [
                0,
                0,
                0,
                1,
                0,
                0,
                1,
                1,
                0,
                0,
                1,
                0,
                0,
                0,
                0,
                0,
                0,
                0,
                0,
                0,
                0
            ],
            [
                0,
                0,
                0,
                1,
                0,
                1,
                0,
                1,
                0,
                0,
                0,
                0,
                0,
                0,
                0,
                0,
                0,
                0,
                0,
                0,
                0
            ],
            [
                0,
                0,
                0,
                1,
                0,
                1,
                1,
                0,
                0,
                0,
                0,
                0,
                1,
                0,
                0,
                0,
                0,
                0,
                0,
                0,
                1
            ],
            [
                0,
                0,
                1,
                0,
                0,
                0,
                0,
                0,
                0,
                0,
                0,
                0,
                0,
                1,
                1,
                0,
                0,
                1,
                0,
                1,
                0
            ],
            [
                0,
                1,
                0,
                0,
                0,
                0,
                0,
                0,
                0,
                0,
                0,
                0,
                1,
                0,
                0,
                0,
                0,
                0,
                1,
                0,
                1
            ],
            [
                0,
                0,
                0,
                0,
                1,
                1,
                0,
                0,
                0,
                0,
                0,
                1,
                0,
                0,
                0,
                1,
                1,
                0,
                0,
                0,
                0
            ],
            [
                0,
                0,
                0,
                0,
                1,
                0,
                0,
                0,
                0,
                0,
                1,
                0,
                0,
                0,
                1,
                1,
                1,
                0,
                0,
                0,
                0
            ],
            [
                0,
                1,
                0,
                0,
                0,
                0,
                0,
                1,
                0,
                1,
                0,
                0,
                0,
                0,
                0,
                0,
                0,
                0,
                1,
                0,
                1
            ],
            [
                0,
                0,
                1,
                0,
                0,
                0,
                0,
                0,
                1,
                0,
                0,
                0,
                0,
                0,
                1,
                0,
                0,
                1,
                0,
                1,
                0
            ],
            [
                0,
                0,
                1,
                0,
                0,
                0,
                0,
                0,
                1,
                0,
                0,
                1,
                0,
                1,
                0,
                0,
                0,
                1,
                0,
                1,
                0
            ],
            [
                0,
                0,
                0,
                0,
                1,
                0,
                0,
                0,
                0,
                0,
                1,
                1,
                0,
                0,
                0,
                0,
                1,
                0,
                0,
                0,
                0
            ],
            [
                0,
                0,
                0,
                0,
                1,
                0,
                0,
                0,
                0,
                0,
                1,
                1,
                0,
                0,
                0,
                1,
                0,
                0,
                0,
                0,
                0
            ],
            [
                0,
                0,
                1,
                0,
                0,
                0,
                0,
                0,
                1,
                0,
                0,
                0,
                0,
                1,
                1,
                0,
                0,
                0,
                0,
                1,
                0
            ],
            [
                0,
                1,
                0,
                0,
                0,
                0,
                0,
                0,
                0,
                1,
                0,
                0,
                1,
                0,
                0,
                0,
                0,
                0,
                0,
                0,
                1
            ],
            [
                0,
                0,
                1,
                0,
                0,
                0,
                0,
                0,
                1,
                0,
                0,
                0,
                0,
                1,
                1,
                0,
                0,
                1,
                0,
                0,
                0
            ],
            [
                0,
                1,
                0,
                0,
                0,
                0,
                0,
                1,
                0,
                1,
                0,
                0,
                1,
                0,
                0,
                0,
                0,
                0,
                1,
                0,
                0
            ]
        ],
        "influence": [
            [
                0.0,
                1.0,
                1.0,
                1.0,
                1.0,
                0.6209060026646231,
                0.6209060026646231,
                0.6209060026646231,
                0.6209060026646231,
                0.6209060026646231,
                0.6209060026646231,
                0.6209060026646231,
                0.6209060026646231,
                0.6209060026646231,
                0.6209060026646231,
                0.6209060026646231,
                0.6209060026646231,
                0.6209060026646231,
                0.6209060026646231,
                0.6209060026646231,
                0.6209060026646231
            ],
            [
                0.43160769250104314,
                0.0,
                0.43160769250104314,
                0.43160769250104314,
                0.43160769250104314,
                0.43160769250104314,
                0.43160769250104314,
                0.43160769250104314,
                0.43160769250104314,
                0.9316076925010431,
                0.43160769250104314,
                0.43160769250104314,
