{
    "num_employees": 15,
    "org_seed": {
        "power_distance": 0.053821018802222675,
        "sanction_salience": 0.22035987277261138,
        "in_group_bias": 0.1843718106986697,
        "industry": "tech",
        "size": "large"
    },
    "rec_seed": {
        "theta_ideal": 0.44765529815712257,
        "urgency": 0.12405680609965541,
        "resource_need": 0.7548499814761097,
        "domain": "budget"
    },
    "situation_seed": {
        "theta_current": 0.09159673646522415,
        "sanction_strength": 0.6318460965633647,
        "provocation_flag": 0,
        "visibility": "private"
    },
    "employees": [
        {
            "employee_id": 0,
            "level": "C-Suite",
            "department": "Sales",
            "tenure": 4,
            "manager_id": -1
        },
        {
            "employee_id": 1,
            "level": "Director",
            "department": "HR",
            "tenure": 8,
            "manager_id": 0
        },
        {
            "employee_id": 2,
            "level": "Director",
            "department": "Sales",
            "tenure": 1,
            "manager_id": 0
        },
        {
            "employee_id": 3,
            "level": "Director",
            "department": "Engineering",
            "tenure": 6,
            "manager_id": 0
        },
        {
            "employee_id": 4,
            "level": "Manager",
            "department": "Marketing",
            "tenure": 7,
            "manager_id": 1
        },
        {
            "employee_id": 5,
            "level": "Manager",
            "department": "Sales",
            "tenure": 7,
            "manager_id": 2
        },
        {
            "employee_id": 6,
            "level": "Manager",
            "department": "Engineering",
            "tenure": 1,
            "manager_id": 3
        },
        {
            "employee_id": 7,
            "level": "Manager",
            "department": "Marketing",
            "tenure": 5,
            "manager_id": 2
        },
        {
            "employee_id": 8,
            "level": "Manager",
            "department": "Engineering",
            "tenure": 9,
            "manager_id": 1
        },
        {
            "employee_id": 9,
            "level": "Manager",
            "department": "Marketing",
            "tenure": 5,
            "manager_id": 1
        },
        {
            "employee_id": 10,
            "level": "Manager",
            "department": "Engineering",
            "tenure": 5,
            "manager_id": 3
        },
        {
            "employee_id": 11,
            "level": "Manager",
            "department": "Engineering",
            "tenure": 1,
            "manager_id": 2
        },
        {
            "employee_id": 12,
            "level": "Manager",
            "department": "Sales",
            "tenure": 9,
            "manager_id": 3
        },
        {
            "employee_id": 13,
            "level": "Manager",
            "department": "Sales",
            "tenure": 1,
            "manager_id": 2
        },
        {
            "employee_id": 14,
            "level": "Manager",
            "department": "Engineering",
            "tenure": 3,
            "manager_id": 2
        }
    ],
    "graphs": {
        "reports_to": [
            [
                0,
                1,
                1,
                1,
                0,
                0,
                0,
                0,
                0,
                0,
                0,
                0,
                0,
                0,
                0
            ],
            [
                0,
                0,
                0,
                0,
                1,
                0,
                0,
                0,
                1,
                1,
                0,
                0,
                0,
                0,
                0
            ],
            [
                0,
                0,
                0,
                0,
                0,
                1,
                0,
                1,
                0,
                0,
                0,
                1,
                0,
                1,
                1
            ],
            [
                0,
                0,
                0,
                0,
                0,
                0,
                1,
                0,
                0,
                0,
                1,
                0,
                1,
                0,
                0
            ],
            [
                0,
                0,
                0,
                0,
                0,
                0,
                0,
                0,
                0,
                0,
                0,
                0,
                0,
                0,
                0
            ],
            [
                0,
                0,
                0,
                0,
                0,
                0,
                0,
                0,
                0,
                0,
                0,
                0,
                0,
                0,
                0
            ],
            [
                0,
                0,
                0,
                0,
                0,
                0,
                0,
                0,
                0,
                0,
                0,
                0,
                0,
                0,
                0
            ],
            [
                0,
                0,
                0,
                0,
                0,
                0,
                0,
                0,
                0,
                0,
                0,
                0,
                0,
                0,
                0
            ],
            [
                0,
                0,
                0,
                0,
                0,
                0,
                0,
                0,
                0,
                0,
                0,
                0,
                0,
                0,
                0
            ],
            [
                0,
                0,
                0,
                0,
                0,
                0,
                0,
                0,
                0,
                0,
                0,
                0,
                0,
                0,
                0
            ],
            [
                0,
                0,
                0,
                0,
                0,
                0,
                0,
                0,
                0,
                0,
                0,
                0,
                0,
                0,
                0
            ],
            [
                0,
                0,
                0,
                0,
                0,
                0,
                0,
                0,
                0,
                0,
                0,
                0,
                0,
                0,
                0
            ],
            [
                0,
                0,
                0,
                0,
                0,
                0,
                0,
                0,
                0,
                0,
                0,
                0,
                0,
                0,
                0
            ],
            [
                0,
                0,
                0,
                0,
                0,
                0,
                0,
                0,
                0,
                0,
                0,
                0,
                0,
                0,
                0
            ],
            [
                0,
                0,
                0,
                0,
                0,
                0,
                0,
                0,
                0,
                0,
                0,
                0,
                0,
                0,
                0
            ]
        ],
        "collaboration": [
            [
                0.0,
                0.8413217655501863,
                0.7530069391737431,
                0.7621846103787528,
                0.008726138549902862,
                0.28034179944107174,
                0.008203010970702284,
                0.05382779550295008,
                0.024980039218125194,
                0.06845323293550336,
                0.033768754636150665,
                0.07065338898591196,
                0.3487191127762858,
                0.23389323933905462,
                0.08194187618855206
            ],
            [
                0.8413217655501863,
                0.0,
                0.6443237726325363,
                0.6120497212589118,
                0.799822793087608,
                0.07328516961636856,
                0.06219498299191906,
                0.035289468949946924,
                0.8566045656082334,
                0.7798386504607082,
                0.033061209019408865,
                0.08897454056147545,
                0.02825029149148668,
                0.04864271542214391,
                0.00652261337795671
            ],
            [
                0.7530069391737431,
                0.6443237726325363,
                0.0,
                0.6596490500123072,
                0.023738109742152094,
                0.7234029743496831,
                0.03211023070518931,
                0.7413761961798949,
                0.07016982949885525,
                0.012175256037196248,
                0.043651306921787425,
                0.8077699056161093,
                0.3401538212655133,
                0.8158440616096854,
                0.841155420918893
            ],
            [
                0.7621846103787528,
                0.6120497212589118,
                0.6596490500123072,
                0.0,
                0.05516592239631978,
                0.004520706482397896,
                0.8599078794730868,
                0.011800879380181728,
                0.3417875173597055,
                0.025294647602819954,
                0.7636645864747725,
                0.39850237435678765,
                0.8804594039629015,
                0.02826660561833364,
                0.3103562283091527
            ],
            [
                0.008726138549902862,
                0.799822793087608,
                0.023738109742152094,
                0.05516592239631978,
                0.0,
                0.04066985153857211,
                0.06293938071829226,
                0.30095758840065023,
                0.6520121902269804,
                0.7270022510558074,
                0.05479435523867268,
                0.00872900879785028,
                0.09433252495695794,
                0.04641818656072312,
                0.028667295344410537
            ],
            [
                0.28034179944107174,
                0.07328516961636856,
                0.7234029743496831,
                0.004520706482397896,
                0.04066985153857211,
                0.0,
                0.07368931166680436,
                0.6966645941361151,
                0.06758048690344587,
                0.07184005564925437,
                0.06049844422879626,
                0.7142008787763822,
                0.22519791301790992,
                0.6817212347473556,
                0.6441846310024368
            ],
            [
                0.008203010970702284,
                0.06219498299191906,
                0.03211023070518931,
                0.8599078794730868,
                0.06293938071829226,
                0.07368931166680436,
                0.0,
                0.07728908960732021,
                0.35058059272868536,
                0.05752560279744648,
                0.7391251924489931,
                0.2782755725098836,
                0.6321752396919276,
                0.07535906768135515,
                0.37754005180953315
            ],
            [
                0.05382779550295008,
                0.035289468949946924,
                0.7413761961798949,
                0.011800879380181728,
                0.30095758840065023,
                0.6966645941361151,
                0.07728908960732021,
                0.0,
                0.014496902717197746,
                0.3855034757024754,
                0.04930890867790059,
                0.6471209783281187,
                0.0677669878477488,
                0.7092826070743482,
                0.6999124075334983
            ],
            [
                0.024980039218125194,
                0.8566045656082334,
                0.07016982949885525,
                0.3417875173597055,
                0.6520121902269804,
                0.06758048690344587,
                0.35058059272868536,
                0.014496902717197746,
                0.0,
                0.6969410760191297,
                0.27180508294642003,
                0.3444302987033908,
                0.042933540236481764,
                0.05432378575866188,
                0.31640587390787334
            ],
            [
                0.06845323293550336,
                0.7798386504607082,
                0.012175256037196248,
                0.025294647602819954,
                0.7270022510558074,
                0.07184005564925437,
                0.05752560279744648,
                0.3855034757024754,
                0.6969410760191297,
                0.0,
                0.02726947828573212,
                0.04553151582664009,
                0.002012492407819866,
                0.07097689670603448,
                0.09005705704339981
            ],
            [
                0.033768754636150665,
                0.033061209019408865,
                0.043651306921787425,
                0.7636645864747725,
                0.05479435523867268,
                0.06049844422879626,
                0.7391251924489931,
                0.04930890867790059,
                0.27180508294642003,
                0.02726947828573212,
                0.0,
                0.25212350685311546,
                0.7289677825832974,
                0.01964118264393795,
                0.3496033829133211
            ],
            [
                0.07065338898591196,
                0.08897454056147545,
                0.8077699056161093,
                0.39850237435678765,
                0.00872900879785028,
                0.7142008787763822,
                0.2782755725098836,
                0.6471209783281187,
                0.3444302987033908,
                0.04553151582664009,
                0.25212350685311546,
                0.0,
                0.046127501229431926,
                0.6389356230829455,
                0.6978138317860219
            ],
            [
                0.3487191127762858,
                0.02825029149148668,
                0.3401538212655133,
                0.8804594039629015,
                0.09433252495695794,
                0.22519791301790992,
                0.6321752396919276,
                0.0677669878477488,
                0.042933540236481764,
                0.002012492407819866,
                0.7289677825832974,
                0.046127501229431926,
                0.0,
                0.3578503682164675,
                0.033015860160279846
            ],
            [
                0.23389323933905462,
                0.04864271542214391,
                0.8158440616096854,
                0.02826660561833364,
                0.04641818656072312,
                0.6817212347473556,
                0.07535906768135515,
                0.7092826070743482,
                0.05432378575866188,
                0.07097689670603448,
                0.01964118264393795,
                0.6389356230829455,
                0.3578503682164675,
                0.0,
                0.7345645030758593
            ],
            [
                0.08194187618855206,
                0.00652261337795671,
                0.841155420918893,
                0.3103562283091527,
                0.028667295344410537,
                0.6441846310024368,
                0.37754005180953315,
                0.6999124075334983,
                0.31640587390787334,
                0.09005705704339981,
                0.3496033829133211,
                0.6978138317860219,
                0.033015860160279846,
                0.7345645030758593,
                0.0
            ]
        ],
        "friendship": [
            [
                0,
                1,
                1,
                1,
                0,
                0,
                0,
                0,
                0,
                0,
                0,
                0,
                0,
                0,
                0
            ],
            [
                1,
                0,
                1,
                1,
                1,
                0,
                0,
                0,
                1,
                1,
                0,
                0,
                0,
                0,
                0
            ],
            [
                1,
                1,
                0,
                1,
                0,
                1,
                0,
                1,
                0,
                0,
                0,
                1,
                0,
                1,
                1
            ],
            [
                1,
                1,
                1,
                0,
                0,
                0,
                1,
                0,
                0,
                0,
                1,
                0,
                1,
                0,
                0
            ],
            [
                0,
                1,
                0,
                0,
                0,
                0,
                0,
                0,
                1,
                1,
                0,
                0,
                0,
                0,
                0
            ],
            [
                0,
                0,
                1,
                0,
                0,
                0,
                0,
                1,
                0,
                0,
                0,
                1,
                0,
                1,
                1
            ],
            [
                0,
                0,
                0,
                1,
                0,
                0,
                0,
                0,
                0,
                0,
                1,
                0,
                1,
                0,
                1
            ],
            [
                0,
                0,
                1,
                0,
                0,
                1,
                0,
                0,
                0,
                1,
                0,
                1,
                0,
                1,
                1
            ],
            [
                0,
                1,
                0,
                0,
                1,
                0,
                0,
                0,
                0,
                1,
                0,
                0,
                0,
                0,
                0
            ],
            [
                0,
                1,
                0,
                0,
                1,
                0,
                0,
                1,
                1,
                0,
                0,
                0,
                0,
                0,
                0
            ],
            [
                0,
                0,
                0,
                1,
                0,
                0,
                1,
                0,
                0,
                0,
                0,
                0,
                1,
                0,
                1
            ],
            [
                0,
                0,
                1,
                0,
                0,
                1,
                0,
                1,
                0,
                0,
                0,
                0,
                0,
                1,
                1
            ],
            [
                0,
                0,
                0,
                1,
                0,
                0,
                1,
                0,
                0,
                0,
                1,
                0,
                0,
                0,
                0
            ],
            [
                0,
                0,
                1,
                0,
                0,
                1,
                0,
                1,
                0,
                0,
                0,
                1,
                0,
                0,
                1
            ],
            [
                0,
                0,
                1,
                0,
                0,
                1,
                1,
                1,
                0,
                0,
                1,
                1,
                0,
                1,
                0
            ]
        ],
        "influence": [
            [
                0.0,
                1.0,
                1.0,
                1.0,
                0.6249482493955341,
                0.6249482493955341,
                0.6249482493955341,
                0.6249482493955341,
                0.6249482493955341,
                0.6249482493955341,
                0.6249482493955341,
                0.6249482493955341,
                0.6249482493955341,
                0.6249482493955341,
                0.6249482493955341
            ],
            [
                0.44021366070047896,
                0.0,
                0.44021366070047896,
                0.44021366070047896,
                0.940213660700479,
                0.44021366070047896,
                0.44021366070047896,
                0.44021366070047896,
                0.940213660700479,
                0.940213660700479,
                0.44021366070047896,
                0.44021366070047896,
                0.44021366070047896,
                0.44021366070047896,
                0.44021366070047896
            ],
            [
                0.4490493016251689,
                0.4490493016251689,
                0.0,
                0.4490493016251689,
                0.4490493016251689,
                0.9490493016251689,
                0.4490493016251689,
                0.9490493016251689,
                0.4490493016251689,
                0.4490493016251689,
                0.4490493016251689,
                0.9490493016251689,
                0.4490493016251689,
                0.9490493016251689,
                0.9490493016251689
            ],
            [
                0.4420325351828132,
                0.4420325351828132,
                0.4420325351828132,
                0.0,
                0.4420325351828132,
                0.4420325351828132,
                0.9420325351828132,
                0.4420325351828132,
                0.4420325351828132,
                0.4420325351828132,
                0.9420325351828132,
                0.4420325351828132,
                0.9420325351828132,
                0.4420325351828132,
                0.4420325351828132
            ],
            [
                0.22419970756839713,
                0.22419970756839713,
                0.22419970756839713,
                0.22419970756839713,
                0.0,
                0.22419970756839713,
                0.22419970756839713,
                0.22419970756839713,
                0.22419970756839713,
                0.22419970756839713,
                0.22419970756839713,
                0.22419970756839713,
                0.22419970756839713,
                0.22419970756839713,
                0.22419970756839713
            ],
            [
                0.2328160972193315,
                0.2328160972193315,
                0.2328160972193315,
                0.2328160972193315,
                0.2328160972193315,
                0.0,
                0.2328160972193315,
                0.2328160972193315,
                0.2328160972193315,
                0.2328160972193315,
                0.2328160972193315,
                0.2328160972193315,
                0.2328160972193315,
                0.2328160972193315,
                0.2328160972193315
            ],
            [
                0.22910219496709042,
                0.22910219496709042,
                0.22910219496709042,
                0.22910219496709042,
                0.22910219496709042,
                0.22910219496709042,
                0.0,
                0.22910219496709042,
                0.22910219496709042,
                0.22910219496709042,
                0.22910219496709042,
                0.22910219496709042,
                0.22910219496709042,
                0.22910219496709042,
                0.22910219496709042
            ],
            [
                0.23669050618061685,
                0.23669050618061685,
                0.23669050618061685,
                0.23669050618061685,
                0.23669050618061685,
                0.23669050618061685,
                0.23669050618061685,
                0.0,
                0.23669050618061685,
                0.23669050618061685,
                0.23669050618061685,
                0.23669050618061685,
                0.23669050618061685,
                0.23669050618061685,
                0.23669050618061685
            ],
            [
                0.22808823904950218,
                0.22808823904950218,
                0.22808823904950218,
                0.22808823904950218,
                0.22808823904950218,
                0.22808823904950218,
                0.22808823904950218,
                0.22808823904950218,
                0.0,
                0.22808823904950218,
                0.22808823904950218,
                0.22808823904950218,
                0.22808823904950218,
                0.22808823904950218,
                0.22808823904950218
            ],
            [
                0.22785136277506904,
                0.22785136277506904,
                0.22785136277506904,
                0.22785136277506904,
                0.22785136277506904,
                0.22785136277506904,
                0.22785136277506904,
                0.22785136277506904,
                0.22785136277506904,
                0.0,
                0.22785136277506904,
                0.22785136277506904,
                0.22785136277506904,
                0.22785136277506904,
                0.22785136277506904
            ],
            [
                0.22827792956462414,
                0.22827792956462414,
                0.22827792956462414,
                0.22827792956462414,
                0.22827792956462414,
                0.22827792956462414,
                0.22827792956462414,
                0.22827792956462414,
                0.22827792956462414,
                0.22827792956462414,
                0.0,
                0.22827792956462414,
                0.22827792956462414,
                0.22827792956462414,
                0.22827792956462414
            ],
            [
                0.23496945746424636,
                0.23496945746424636,
                0.23496945746424636,
                0.23496945746424636,
                0.23496945746424636,
                0.23496945746424636,
                0.23496945746424636,
                0.23496945746424636,
                0.23496945746424636,
                0.23496945746424636,
                0.23496945746424636,
                0.0,
                0.23496945746424636,
                0.23496945746424636,
                0.23496945746424636
            ],
            [
                0.22642481716911977,
                0.22642481716911977,
                0.22642481716911977,
                0.22642481716911977,
                0.22642481716911977,
                0.22642481716911977,
                0.22642481716911977,
                0.22642481716911977,
                0.22642481716911977,
                0.22642481716911977,
                0.22642481716911977,
                0.22642481716911977,
                0.0,
                0.22642481716911977,
                0.22642481716911977
            ],
            [
                0.23329891933707186,
                0.23329891933707186,
                0.23329891933707186,
                0.23329891933707186,
                0.23329891933707186,
                0.23329891933707186,
                0.23329891933707186,
                0.23329891933707186,
                0.23329891933707186,
                0.23329891933707186,
                0.23329891933707186,
                0.23329891933707186,
                0.23329891933707186,
                0.0,
                0.23329891933707186
            ],
            [
                0.2420370218009358,
                0.2420370218009358,
                0.2420370218009358,
                0.2420370218009358,
                0.2420370218009358,
                0.2420370218009358,
                0.2420370218009358,
                0.2420370218009358,
                0.2420370218009358,
                0.2420370218009358,
                0.2420370218009358,
                0.2420370218009358,
                0.2420370218009358,
                0.2420370218009358,
                0.0
            ]
        ],
        "conflict": [
            [
                0.0,
                0.0006927273005246301,
                5.108769570834197e-05,
                0.006794879756590199,
                0.20296362216996536,
                0.05238030220668195,
                0.20941517386478362,
                0.2467015575099767,
                0.20782477664258336,
                0.2174820631613121,
                0.23649824544338202,
                0.2637081366499378,
                0.04657715005770845,
                0.04304765391481205,
                0.2618770254676833
            ],
            [
                0.0006927273005246301,
                0.0,
                0.006593277375073643,
                0.005319558367975703,
                7.821525028857156e-05,
                0.024656521796165124,
                0.005278771050992939,
                0.09368914765182251,
                0.00033394810118520543,
                0.0014698269141641732,
                0.022205687702988603,
                0.08795488436768338,
                0.018201110235803033,
                0.03518505914902567,
                0.013032184725573638
            ],
            [
                5.108769570834197e-05,
                0.006593277375073643,
                0.0,
                0.013049829473244994,
                0.22757432246747455,
                0.0014056733523239568,
                0.26433940886030466,
                0.00656564864957324,
                0.18741103593751282,
                0.2903565688228873,
                0.216609934430055,
                0.0054258894954051905,
                0.05104430750018631,
                0.0015058049524052238,
                0.004642460832986685
            ],
            [
                0.006794879756590199,
                0.005319558367975703,
                0.013049829473244994,
                0.0,
                0.265767699395034,
                0.29368707880515604,
                0.0007320009767263901,
                0.20032194063105305,
                0.03389508547580091,
                0.2283037653416141,
                0.0007457165427081875,
                0.02928968779146647,
                0.0028650799588030964,
                0.26851031027567085,
                0.007580964555662178
            ],
            [
                0.20296362216996536,
                7.821525028857156e-05,
                0.22757432246747455,
                0.265767699395034,
                0.0,
                0.17002033879803863,
                0.096019792841583,
                0.10629491327456878,
                0.005589287385139406,
                0.005309575150726031,
                0.1795994727691152,
                0.14773330326833542,
                0.13165928465783472,
                0.16595428678195073,
                0.1838120723611041
            ],
            [
                0.05238030220668195,
                0.024656521796165124,
                0.0014056733523239568,
                0.29368707880515604,
                0.17002033879803863,
                0.0,
                0.35974089244967533,
                0.010343302669562944,
                0.30293154339312045,
                0.30025588677988313,
                0.35888737563990897,
                0.010143581986835657,
                0.10895446557597807,
                0.005181121952721365,
                0.013469357129936887
            ],
            [
                0.20941517386478362,
                0.005278771050992939,
                0.26433940886030466,
                0.0007320009767263901,
                0.096019792841583,
                0.35974089244967533,
                0.0,
                0.35464831381148715,
                0.12592783192109713,
                0.33127194953298844,
                0.004689996640938936,
                0.07849579947498209,
                0.0143181386990267,
                0.32510331774291223,
                0.00891176822817688
            ],
            [
                0.2467015575099767,
                0.09368914765182251,
                0.00656564864957324,
                0.20032194063105305,
                0.10629491327456878,
                0.010343302669562944,
                0.35464831381148715,
                0.0,
                0.16610844645960612,
                0.00864615151845464,
                0.16951861471638174,
                0.004126428994921395,
                0.12674740246298993,
                0.004595483929665378,
                0.004649112018823124
            ],
            [
                0.20782477664258336,
                0.00033394810118520543,
                0.18741103593751282,
                0.03389508547580091,
                0.005589287385139406,
                0.30293154339312045,
                0.12592783192109713,
                0.16610844645960612,
                0.0,
                0.01025432841010307,
                0.08137781272173013,
                0.08036435744627421,
                0.3305120463997571,
                0.32753090157797143,
                0.12187406427739982
            ],
            [
                0.2174820631613121,
                0.0014698269141641732,
                0.2903565688228873,
                0.2283037653416141,
                0.005309575150726031,
                0.30025588677988313,
                0.33127194953298844,
                0.00864615151845464,
                0.01025432841010307,
                0.0,
                0.11049755001969291,
                0.17999036527321258,
                0.17156313846560362,
                0.09895082463648745,
                0.12646984977884923
            ],
            [
                0.23649824544338202,
                0.022205687702988603,
                0.216609934430055,
                0.0007457165427081875,
                0.1795994727691152,
                0.35888737563990897,
                0.004689996640938936,
                0.16951861471638174,
                0.08137781272173013,
                0.11049755001969291,
                0.0,
                0.1078239643336798,
                0.010813337993577086,
                0.37696767946816784,
                0.011022763613690966
            ],
            [
                0.2637081366499378,
                0.08795488436768338,
                0.0054258894954051905,
                0.02928968779146647,
                0.14773330326833542,
                0.010143581986835657,
                0.07849579947498209,
                0.004126428994921395,
                0.08036435744627421,
                0.17999036527321258,
                0.1078239643336798,
                0.0,
                0.29122335617524425,
                0.01321645303955534,
                0.0031288277945136153
            ],
            [
                0.04657715005770845,
                0.018201110235803033,
                0.05104430750018631,
                0.0028650799588030964,
                0.13165928465783472,
                0.10895446557597807,
                0.0143181386990267,
                0.12674740246298993,
                0.3305120463997571,
                0.17156313846560362,
                0.010813337993577086,
                0.29122335617524425,
                0.0,
                0.11928419244326502,
                0.3628573358181546
            ],
            [
                0.04304765391481205,
                0.03518505914902567,
                0.0015058049524052238,
                0.26851031027567085,
                0.16595428678195073,
                0.005181121952721365,
                0.32510331774291223,
                0.004595483929665378,
                0.32753090157797143,
                0.09895082463648745,
                0.37696767946816784,
                0.01321645303955534,
                0.11928419244326502,
                0.0,
                0.009053778843590038
            ],
            [
                0.2618770254676833,
                0.013032184725573638,
                0.004642460832986685,
                0.007580964555662178,
                0.1838120723611041,
                0.013469357129936887,
                0.00891176822817688,
                0.004649112018823124,
                0.12187406427739982,
                0.12646984977884923,
                0.011022763613690966,
                0.0031288277945136153,
                0.3628573358181546,
                0.009053778843590038,
                0.0
            ]
        ]
    }
}